ChrZ	0	200000	superscaffold26	0	200000	100000.0	297.30780000000107	278.76904609067424	0.27855330238364934	172423	296.812045	287.77435	305.1303125
ChrZ	200000	400000	superscaffold26	200000	400000	300000.0	273.4911000000016	263.5480870523563	0.15800643520547727	162040	273.527097	264.836615	282.46915
ChrZ	400000	600000	superscaffold26	400000	600000	500000.0	357.51880000000307	369.5310610969403	-0.1362332446974864	189695	357.631978	349.069485	367.681545
ChrZ	600000	800000	superscaffold26	600000	800000	700000.0	294.2279000000003	294.27187474081285	-0.0006260047931741836	181544	295.015752	286.742835	303.0541725
ChrZ	800000	1000000	superscaffold26	800000	1000000	900000.0	418.3059000000018	416.3214166591768	0.019980660968661804	177852	419.765472	411.8190025	432.99645
ChrZ	1000000	1200000	superscaffold26	1000000	1200000	1100000.0	460.95790000000295	463.11177222141333	-0.019498024016737395	188714	460.961482	448.631905	472.93584
ChrZ	1200000	1400000	superscaffold26	1200000	1400000	1300000.0	431.62630000000263	456.0650319258958	-0.22464636487276282	188759	431.145013	418.0349225	441.98627
ChrZ	1400000	1600000	superscaffold26	1400000	1600000	1500000.0	345.16270000000253	372.631626826968	-0.3089422644263434	177338	345.497281	336.335095	355.0771875
ChrZ	1600000	1800000	superscaffold26	1600000	1800000	1700000.0	382.0297000000027	396.8724134435484	-0.15675516197206096	181785	381.76204	372.5932675	390.164895
ChrZ	1800000	2000000	superscaffold26	1800000	2000000	1900000.0	487.33740000000336	478.33273125973125	0.07892464391425076	187767	486.815332	473.3481625	497.544875
ChrZ	2000000	2200000	superscaffold26	2000000	2200000	2100000.0	440.20340000000346	439.4347248284744	0.007332864165931834	178993	439.120525	427.61545	449.9983375
ChrZ	2200000	2400000	superscaffold26	2200000	2400000	2300000.0	471.93780000000476	510.18399739547056	-0.3143196787040457	188545	472.19636	461.12074	483.01707
ChrZ	2400000	2600000	superscaffold26	2400000	2600000	2500000.0	556.5340000000053	568.2491374305351	-0.08645153279876346	188356	556.429838	542.3759425	572.5169675
ChrZ	2600000	2800000	superscaffold26	2600000	2800000	2700000.0	380.52180000000175	412.0933724818663	-0.3211331173212757	189552	380.694702	371.2292525	392.65205
ChrZ	2800000	3000000	superscaffold26	2800000	3000000	2900000.0	452.18380000000485	480.0239489306555	-0.24315635385256432	187365	453.107762	441.274075	463.9519775
ChrZ	3000000	3200000	superscaffold26	3000000	3200000	3100000.0	364.06570000000175	377.42341022791993	-0.14832955646126586	182776	364.288918	353.3544925	375.12307
ChrZ	3200000	3400000	superscaffold26	3200000	3400000	3300000.0	478.75750000000323	485.6613411670695	-0.05959924283379835	188020	477.99912	467.4545325	489.32691
ChrZ	3400000	3600000	superscaffold26	3400000	3600000	3500000.0	422.42390000000313	426.7505922965428	-0.04249998989548915	187272	421.933888	411.24458	430.8076825
ChrZ	3600000	3800000	superscaffold26	3600000	3800000	3700000.0	435.8040000000037	448.45455240673687	-0.11825745710783778	186920	436.040197	425.1271325	448.206565
ChrZ	3800000	4000000	superscaffold26	3800000	4000000	3900000.0	359.03520000000236	361.3568423541399	-0.02692476052579849	169131	359.202996	348.13623	369.78846
ChrZ	4000000	4200000	superscaffold26	4000000	4200000	4100000.0	385.991200000003	401.1004576208589	-0.1578907102198862	187249	386.672217	377.0193825	399.2101725
ChrZ	4200000	4400000	superscaffold26	4200000	4400000	4300000.0	350.3688000000016	356.2831893413673	-0.06956596104804205	185708	350.462689	340.333415	358.3714975
ChrZ	4400000	4600000	superscaffold26	4400000	4600000	4500000.0	373.82650000000183	358.5381462359329	0.17869496451872163	191504	372.962163	361.7159475	383.8422775
ChrZ	4600000	4800000	superscaffold26	4600000	4800000	4700000.0	369.60810000000197	369.812930708761	-0.002321254808999037	182113	368.843906	357.98593	379.569405
ChrZ	4800000	5000000	superscaffold26	4800000	5000000	4900000.0	406.02260000000183	388.1344554771066	0.19316448920270238	190496	406.183499	393.418825	416.97586
ChrZ	5000000	5200000	superscaffold26	5000000	5200000	5100000.0	359.87040000000223	359.6656246832157	0.002385986527387933	183800	359.881423	349.266125	371.4876375
ChrZ	5200000	5400000	superscaffold26	5200000	5400000	5300000.0	374.5334000000023	372.631626826968	0.021389190564435303	193624	373.475434	362.1735175	382.9825725
ChrZ	5400000	5600000	superscaffold26	5400000	5600000	5500000.0	337.2946000000017	367.8398434260161	-0.34800922751155206	189355	337.495507	328.4054325	347.9550475
ChrZ	5600000	5800000	superscaffold26	5600000	5800000	5700000.0	315.59350000000205	325.27753204109007	-0.12474190932307018	187795	315.568842	306.13987	326.666975
ChrZ	5800000	6000000	superscaffold26	5800000	6000000	5900000.0	278.57070000000147	309.49283377913076	-0.4185881435647567	184045	278.233259	269.2716275	287.632845
ChrZ	6000000	6200000	superscaffold26	6000000	6200000	6100000.0	327.12940000000117	330.3511850538627	-0.0408642591215355	188106	326.440962	317.3894625	337.030835
ChrZ	6200000	6400000	superscaffold26	6200000	6400000	6300000.0	395.14220000000165	391.79876043077576	0.035766883353799676	189751	395.560065	386.3096575	408.17458
ChrZ	6400000	6600000	superscaffold26	6400000	6600000	6500000.0	350.4287000000012	341.9078391385115	0.10442990326792156	177618	350.48674	341.002545	360.92596
ChrZ	6600000	6800000	superscaffold26	6600000	6800000	6700000.0	358.52270000000124	342.4715783621529	0.19639598544518413	180174	358.024181	346.3547475	367.898095
ChrZ	6800000	7000000	superscaffold26	6800000	7000000	6900000.0	408.329300000002	407.0197194690937	0.013486309698015122	188014	408.336302	398.6051525	418.3834525
ChrZ	7000000	7200000	superscaffold26	7000000	7200000	7100000.0	375.3371000000009	371.2222787678645	0.04645468756139459	187286	374.73013	363.5837575	384.8341925
ChrZ	7200000	7400000	superscaffold26	7200000	7400000	7300000.0	383.96620000000297	426.7505922965428	-0.4202601238229568	186559	384.438711	374.3097775	396.1119175
ChrZ	7400000	7600000	superscaffold26	7400000	7600000	7500000.0	380.46970000000357	392.08063004259645	-0.12412029321793377	184678	380.985177	369.38361	390.2334425
ChrZ	7600000	7800000	superscaffold26	7600000	7800000	7700000.0	380.2005000000011	392.64436926623785	-0.13283368582647415	179835	380.830243	370.9886975	389.4442425
ChrZ	7800000	8000000	superscaffold26	7800000	8000000	7900000.0	394.0549000000029	410.4021548109421	-0.16696176218241604	182366	393.675826	382.65717	404.844735
ChrZ	8000000	8200000	superscaffold26	8000000	8200000	8100000.0	391.50160000000153	391.23502120713437	0.002855864261485455	179832	391.537395	379.985175	401.2001325
ChrZ	8200000	8400000	superscaffold26	8200000	8400000	8300000.0	348.72520000000105	350.08205788131187	-0.016241769458471625	183788	348.025412	336.12868	358.4031425
ChrZ	8400000	8600000	superscaffold26	8400000	8600000	8500000.0	371.3135000000016	379.39649751066486	-0.08929093086714059	183347	370.846056	360.6253475	380.9795925
ChrZ	8600000	8800000	superscaffold26	8600000	8800000	8700000.0	334.83390000000173	338.24353418484236	-0.04223964110804268	176177	335.051888	322.0425025	345.10724
ChrZ	8800000	9000000	superscaffold26	8800000	9000000	8900000.0	364.3146000000031	397.1542830553691	-0.34657692823373515	187106	363.81493	353.777355	375.331175
ChrZ	9000000	9200000	superscaffold26	9000000	9200000	9100000.0	332.69090000000205	373.19536605060944	-0.45486561213635257	183275	332.432291	323.0442525	343.0028325
ChrZ	9200000	9400000	superscaffold26	9200000	9400000	9300000.0	301.64480000000094	308.365355331848	-0.09130708337517644	190711	301.536	288.35583	311.9123725
ChrZ	9400000	9600000	superscaffold26	9400000	9600000	9500000.0	248.3926	246.0721711194728	0.03948662303955728	189897	248.118645	238.62463	260.0114575
ChrZ	9600000	9800000	superscaffold26	9600000	9800000	9700000.0	241.14560000000085	227.1869071274858	0.2572260516475647	189069	241.317545	231.4366275	250.5025575
ChrZ	9800000	10000000	superscaffold26	9800000	10000000	9900000.0	213.7890000000002	219.57642760832684	-0.1103347693577207	187484	213.782143	205.57407	221.6548175
ChrZ	10000000	10200000	superscaffold26	10000000	10200000	10100000.0	341.6148000000033	347.54523137492555	-0.07150529034461682	186163	340.349816	331.2613475	354.27172
ChrZ	10200000	10400000	superscaffold26	10200000	10400000	10300000.0	248.3714999999999	275.10474113700513	-0.40701744017272856	179930	248.210729	239.22398	257.257755
ChrZ	10400000	10600000	superscaffold26	10400000	10600000	10500000.0	279.47820000000064	264.39369588781847	0.23894604229806832	184932	280.811464	272.4915425	289.678195
ChrZ	10600000	10800000	superscaffold26	10600000	10800000	10700000.0	309.10330000000204	315.1302260155448	-0.08012894222184401	180828	308.439113	300.3960525	317.66957
ChrZ	10800000	11000000	superscaffold26	10800000	11000000	10900000.0	288.22160000000116	293.70813551717146	-0.07825346756485232	156129	289.028331	277.0386225	299.332595
ChrZ	11000000	11200000	superscaffold26	11000000	11200000	11100000.0	407.75800000000015	387.5707162534652	0.2183082336996948	178094	407.340046	397.8343	416.29548
ChrZ	11200000	11400000	superscaffold26	11200000	11400000	11300000.0	405.6727000000011	405.04663218634875	0.006478724302644794	176316	405.585335	398.484555	417.2790775
ChrZ	11400000	11600000	superscaffold26	11400000	11600000	11500000.0	359.94440000000037	352.3370147758775	0.09047964548070778	165959	360.40217	350.6779625	368.692295
ChrZ	11600000	11800000	superscaffold26	11600000	11800000	11700000.0	332.4794000000013	320.20387902831743	0.16062401497516557	174099	332.088804	323.6436225	341.5977875
ChrZ	11800000	12000000	superscaffold26	11800000	12000000	11900000.0	359.2872000000015	320.7676182519588	0.5031409357720006	190080	359.407761	350.8299675	368.0724725
ChrZ	12000000	12200000	superscaffold26	12000000	12200000	12100000.0	283.31780000000066	269.1854792887704	0.21988714966580533	186143	283.143205	273.574305	289.601775
ChrZ	12200000	12400000	superscaffold26	12200000	12400000	12300000.0	115.04979999999985	109.08353977461167	0.22830766233892047	55117	114.645533	108.067115	119.3822975
ChrZ	12400000	12600000	superscaffold26	12400000	12600000	12500000.0	309.29640000000086	281.30587259706056	0.41678617034848425	161315	309.342854	301.84494	319.1391875
ChrZ	12600000	12800000	superscaffold26	12600000	12800000	12700000.0	322.18950000000103	300.754875812689	0.2985698972306889	181648	322.541429	313.041485	331.0009
ChrZ	12800000	13000000	superscaffold26	12800000	13000000	12900000.0	323.86370000000164	299.3455277535855	0.34312623927382735	191696	324.064643	314.60543	333.6735075
ChrZ	13000000	13200000	superscaffold26	13000000	13200000	13100000.0	244.83780000000112	226.62316790384438	0.3364857340198941	186918	244.269831	232.682865	252.56373
ChrZ	13200000	13400000	superscaffold26	13200000	13400000	13300000.0	313.0878000000003	271.1585665715153	0.6476477370701721	193242	312.634347	303.3184175	323.7886725
ChrZ	13400000	13600000	superscaffold26	13400000	13600000	13500000.0	257.1991000000011	231.696820916617	0.46082435791962556	183680	257.239549	249.481015	264.8506075
ChrZ	13600000	13800000	superscaffold26	13600000	13800000	13700000.0	369.1052999999996	318.51266135739326	0.6655080348812754	185353	368.932999	358.7161575	379.27254
ChrZ	13800000	14000000	superscaffold26	13800000	14000000	13900000.0	357.42780000000056	312.5933995091585	0.6009083624542091	191201	357.658495	348.0552725	367.492335
ChrZ	14000000	14200000	superscaffold26	14000000	14200000	14100000.0	278.08110000000113	236.48860431756896	0.7363847007744014	185691	278.075027	270.4784975	285.034765
ChrZ	14200000	14400000	superscaffold26	14200000	14400000	14300000.0	243.386000000001	209.71099119460226	0.6721118402547609	181518	242.894052	236.51951	249.8245725
ChrZ	14400000	14600000	superscaffold26	14400000	14600000	14500000.0	286.7073000000017	255.09199869773528	0.5190190849635791	188787	286.526435	278.64599	296.1415575
ChrZ	14600000	14800000	superscaffold26	14600000	14800000	14700000.0	206.75380000000075	192.79881448536014	0.3028780548039201	177609	206.884388	199.09225	214.803155
ChrZ	14800000	15000000	superscaffold26	14800000	15000000	14900000.0	222.2675000000001	219.57642760832684	0.051304115015280254	190675	222.470498	214.119985	231.7122225
ChrZ	15000000	15200000	superscaffold26	15000000	15200000	15100000.0	237.31860000000097	221.26764527925104	0.30367206051717865	185044	236.884437	228.1806425	246.50339
ChrZ	15200000	15400000	superscaffold26	15200000	15400000	15300000.0	222.12800000000038	188.28890069622892	0.751975212971036	188598	221.423174	214.48594	230.978755
ChrZ	15400000	15600000	superscaffold26	15400000	15600000	15500000.0	205.5319000000001	199.28181555723629	0.13125210045349492	183979	204.750134	196.39994	213.69193
ChrZ	15600000	15800000	superscaffold26	15600000	15800000	15700000.0	225.60670000000036	208.58351274731947	0.34159303114735806	184845	225.545127	218.7358375	233.6773175
ChrZ	15800000	16000000	superscaffold26	15800000	16000000	15900000.0	241.440400000001	215.06651381919562	0.5133200501179268	188823	241.850276	232.8474375	250.0912775
ChrZ	16000000	16200000	superscaffold26	16000000	16200000	16100000.0	221.8203000000002	222.39512372653385	-0.010820254055741985	189985	221.509374	214.1554925	229.7431325
ChrZ	16200000	16400000	superscaffold26	16200000	16400000	16300000.0	207.39450000000065	202.66425089908472	0.09768263952118408	183379	207.71242	200.657045	215.86806
ChrZ	16400000	16600000	superscaffold26	16400000	16600000	16500000.0	281.54830000000265	261.29313015779076	0.3246502459690295	189070	281.614259	273.04164	289.5410525
ChrZ	16600000	16800000	superscaffold26	16600000	16800000	16700000.0	174.58530000000027	166.58494058603486	0.20086195416294708	134065	174.678188	167.640035	181.59006
ChrZ	16800000	17000000	superscaffold26	16800000	17000000	16900000.0	287.08660000000157	265.52117433510125	0.3401598806053139	189753	287.102031	279.9709975	294.7208525
ChrZ	17000000	17200000	superscaffold26	17000000	17200000	17100000.0	232.45830000000092	207.45603430003666	0.5044224461377745	184595	232.684575	225.29162	240.1397225
ChrZ	17200000	17400000	superscaffold26	17200000	17400000	17300000.0	281.3950000000013	251.99143296770757	0.48863449444521545	186411	281.038967	272.5308175	290.0837775
ChrZ	17400000	17600000	superscaffold26	17400000	17600000	17500000.0	210.56800000000095	195.33564099174646	0.32632212716700953	187287	210.29478	203.23592	217.9821275
ChrZ	17600000	17800000	superscaffold26	17600000	17800000	17700000.0	234.7659000000014	208.58351274731947	0.5253846351780613	182752	233.957176	224.463135	243.914495
ChrZ	17800000	18000000	superscaffold26	17800000	18000000	17900000.0	261.951200000001	259.6019124868665	0.03789914579126789	179780	262.283899	253.31153	269.6290475
ChrZ	18000000	18200000	superscaffold26	18000000	18200000	18100000.0	227.84480000000076	209.99286080642298	0.35582594217369484	186530	227.698327	220.980675	236.9910875
ChrZ	18200000	18400000	superscaffold26	18200000	18400000	18300000.0	192.80630000000028	183.49711729527698	0.2122533534041827	191161	192.473927	184.393645	199.2766575
ChrZ	18400000	18600000	superscaffold26	18400000	18600000	18500000.0	218.813600000001	189.69824875533243	0.6422124884352729	188863	219.375598	212.743605	226.3970975
ChrZ	18600000	18800000	superscaffold26	18600000	18800000	18700000.0	181.69040000000066	167.14867980967628	0.3638665918236449	185419	182.077064	176.82482	189.1385725
ChrZ	18800000	19000000	superscaffold26	18800000	19000000	18900000.0	238.7516000000009	203.50985973454684	0.7247494850983851	179789	238.92264	231.9137225	245.9377525
ChrZ	19000000	19200000	superscaffold26	19000000	19200000	19100000.0	209.37110000000084	178.98720350614576	0.7101611574042863	190155	209.145994	201.8055375	215.677185
ChrZ	19200000	19400000	superscaffold26	19200000	19400000	19300000.0	203.27140000000003	181.80589962435278	0.4939599087866481	191356	203.324209	195.10744	211.1755525
ChrZ	19400000	19600000	superscaffold26	19400000	19600000	19500000.0	182.2708000000002	161.51128757326222	0.5375113767916101	188098	182.510591	175.264675	189.67531
ChrZ	19600000	19800000	superscaffold26	19600000	19800000	19700000.0	181.60310000000055	160.94754834962083	0.5366856867868505	192021	181.650443	174.773165	188.2149925
ChrZ	19800000	20000000	superscaffold26	19800000	20000000	19900000.0	264.5434000000011	230.0056032456928	0.62867211580343	186148	264.462522	257.300685	271.30492
ChrZ	20000000	20200000	superscaffold26	20000000	20200000	20100000.0	265.9551000000003	240.43477888305878	0.44443421165351976	191350	266.21467	256.7372425	276.280265
ChrZ	20200000	20400000	superscaffold26	20200000	20400000	20300000.0	284.63640000000004	243.53534461308652	0.7066816828764354	187895	283.733947	275.9697025	290.30791
ChrZ	20400000	20600000	superscaffold26	20400000	20600000	20500000.0	254.34990000000167	225.4956894565616	0.5356925247888239	187902	254.609122	247.0448075	262.210135
ChrZ	20600000	20800000	superscaffold26	20600000	20800000	20700000.0	200.96620000000078	174.19542010519382	0.6428631236350494	184708	200.888337	195.0844225	206.95831
ChrZ	20800000	21000000	superscaffold26	20800000	21000000	20900000.0	233.8495000000016	201.5367724518019	0.6709998670827869	188959	233.948614	227.4471275	242.1460275
ChrZ	21000000	21200000	superscaffold26	21000000	21200000	21100000.0	280.255200000002	238.17982198849316	0.7396582740058086	190106	281.067457	273.320195	289.6784375
ChrZ	21200000	21400000	superscaffold26	21200000	21400000	21300000.0	216.04150000000075	178.42346428250434	0.8820127094528171	187858	216.325172	210.5772175	222.8298725
ChrZ	21400000	21600000	superscaffold26	21400000	21600000	21500000.0	247.0782000000023	209.14725197096087	0.7590897130376519	185405	247.233805	238.786875	253.95492
ChrZ	21600000	21800000	superscaffold26	21600000	21800000	21700000.0	252.70470000000134	224.08634139745809	0.5346461946422986	189045	252.051624	242.236475	257.9079025
ChrZ	21800000	22000000	superscaffold26	21800000	22000000	21900000.0	251.40060000000196	208.58351274731947	0.8591821497611352	190455	252.027781	244.901625	258.1438275
ChrZ	22000000	22200000	superscaffold26	22000000	22200000	22100000.0	220.99400000000136	185.1883349662012	0.8089537967772837	187042	220.823811	213.62285	227.43639
ChrZ	22200000	22400000	superscaffold26	22200000	22400000	22300000.0	222.47950000000117	176.73224661158014	1.0828431214390266	180571	222.657137	216.1956125	228.41337
ChrZ	22400000	22600000	superscaffold26	22400000	22600000	22500000.0	217.80070000000103	194.20816254446368	0.508346746607083	181978	217.524785	211.30097	224.2001725
ChrZ	22600000	22800000	superscaffold26	22600000	22800000	22700000.0	212.09370000000075	181.24216040071138	0.7121503312112905	188400	212.253017	205.6237375	221.005015
ChrZ	22800000	23000000	superscaffold26	22800000	23000000	22900000.0	281.64790000000124	241.5622573303416	0.6948380975712422	185487	281.691556	272.474995	288.683145
ChrZ	23000000	23200000	superscaffold26	23000000	23200000	23100000.0	293.4904000000013	248.32712801403844	0.7615797343025701	189287	293.680975	286.26874	299.90224
ChrZ	23200000	23400000	superscaffold26	23200000	23400000	23300000.0	337.7447000000001	290.88943939896444	0.6747500187868595	192414	338.383087	329.8603875	347.056925
ChrZ	23400000	23600000	superscaffold26	23400000	23600000	23500000.0	255.8099000000014	233.10616897572052	0.40778099529873624	191118	255.487725	248.02648	263.117685
ChrZ	23600000	23800000	superscaffold26	23600000	23800000	23700000.0	294.7584000000018	266.08491355874264	0.4513221111731296	180508	294.629685	286.4694175	305.268505
ChrZ	23800000	24000000	superscaffold26	23800000	24000000	23900000.0	234.22830000000187	195.61751060356718	0.8259690621578618	187157	234.466613	228.82795	239.91069
ChrZ	24000000	24200000	superscaffold26	24000000	24200000	24100000.0	235.217600000001	205.20107740547104	0.6122201707261086	186081	235.203554	228.709765	242.1589825
ChrZ	24200000	24400000	superscaffold26	24200000	24400000	24300000.0	194.06170000000068	172.50420243426962	0.5227304526899639	185771	193.847423	186.520905	199.911775
ChrZ	24400000	24600000	superscaffold26	24400000	24600000	24500000.0	247.33820000000128	215.06651381919562	0.6281100727498209	189133	248.110437	240.47482	254.49862
ChrZ	24600000	24800000	superscaffold26	24600000	24800000	24700000.0	239.3507000000013	218.73081877286472	0.3946244490303888	186207	239.541754	232.0338675	246.68721
ChrZ	24800000	25000000	superscaffold26	24800000	25000000	24900000.0	265.06610000000194	243.53534461308652	0.370194641164149	191375	265.765656	257.9080775	272.631275
ChrZ	25000000	25310599	superscaffold26	25000000	25310599	25155299.5	389.5275999999995	320.4857486401381	0.9026129885777898	292099	389.640794	380.777675	397.2615425
ChrZ	25310599	25689844	superscaffold54	16000000	16379243	16189621.5	509.1321000000057	515.8213896318846	-0.054374661351878406	349053	508.840687	493.119585	521.9363675
ChrZ	25689842	25889844	superscaffold54	15800000	16000000	15900000.0	270.3546000000006	242.4078661658037	0.48273865972985297	189532	270.432529	261.3803775	278.1450675
ChrZ	25889842	26089844	superscaffold54	15600000	15800000	15700000.0	337.95249999999993	283.5608294916262	0.8034794536179165	190239	337.490323	329.768775	347.104555
ChrZ	26089842	26289844	superscaffold54	15400000	15600000	15500000.0	253.65760000000122	228.87812479841	0.45326277234095846	188249	252.898913	245.5981075	260.6606975
ChrZ	26289842	26489844	superscaffold54	15200000	15400000	15300000.0	214.58140000000134	206.89229507639524	0.15554965571543328	191458	214.193804	206.0074	221.3030975
ChrZ	26489842	26689844	superscaffold54	15000000	15200000	15100000.0	240.28510000000156	214.5027745955542	0.5031213957318832	185995	240.351508	234.1659875	247.8232175
ChrZ	26689842	26889844	superscaffold54	14800000	15000000	14900000.0	267.33100000000195	236.20673470574826	0.5517031608040917	167124	267.927509	259.7717325	274.9270375
ChrZ	26889842	27089844	superscaffold54	14600000	14800000	14700000.0	211.08400000000051	191.95320564989805	0.41703670507672297	189536	211.18122	205.5752025	218.1375775
ChrZ	27089842	27289844	superscaffold54	14400000	14600000	14500000.0	211.29410000000018	206.04668624093316	0.10658888908548564	183973	211.38458	204.40325	218.6519525
ChrZ	27289842	27489844	superscaffold54	14200000	14400000	14300000.0	263.2665000000013	255.09199869773528	0.13419837898655598	184985	263.791126	255.5839875	270.728435
ChrZ	27489842	27689844	superscaffold54	14000000	14200000	14100000.0	361.16809999999987	313.1571387327999	0.6423272078321651	191588	361.531334	350.3080675	372.3839925
ChrZ	27689842	27889844	superscaffold54	13800000	14000000	13900000.0	319.91760000000124	281.58774220888125	0.5701714088692038	183183	319.082188	310.5159425	326.9260825
ChrZ	27889842	28089844	superscaffold54	13600000	13800000	13700000.0	298.01690000000076	258.47443403958374	0.6406823796208013	191733	297.844694	291.135045	306.58194
ChrZ	28089842	28289844	superscaffold54	13400000	13600000	13500000.0	251.08300000000187	232.26056014025843	0.33929680487459063	189507	250.601831	242.0070725	260.234265
ChrZ	28289842	28489844	superscaffold54	13200000	13400000	13300000.0	217.03150000000096	192.23507526171875	0.5397530818393655	182840	216.988091	210.5741925	223.47718
ChrZ	28489842	28689844	superscaffold54	13000000	13200000	13100000.0	209.97040000000032	205.76481662911243	0.08554322228423981	190702	210.083199	202.0754575	218.61471
ChrZ	28689842	28889844	superscaffold54	12800000	13000000	12900000.0	249.4370000000013	232.54242975207913	0.30417650497896387	188552	249.063077	242.059895	255.82632
ChrZ	28889842	29089844	superscaffold54	12600000	12800000	12700000.0	254.911700000002	223.80447178563736	0.5818729807359806	179483	254.171044	245.6402775	259.7105275
ChrZ	29089842	29289844	superscaffold54	12400000	12600000	12500000.0	223.99010000000058	189.98011836715312	0.7490665018894105	188837	223.834932	217.0229175	231.8921575
ChrZ	29289842	29489844	superscaffold54	12200000	12400000	12300000.0	268.9405000000005	232.82429936389983	0.6494651813506755	192857	268.423079	261.7498325	275.312065
ChrZ	29489842	29689844	superscaffold54	12000000	12200000	12100000.0	398.38590000000085	376.85967100427854	0.23939316096079555	186886	398.959709	387.9404775	409.151085
ChrZ	29689842	29889844	superscaffold54	11800000	12000000	11900000.0	314.8143000000006	308.365355331848	0.08761691548116184	184975	314.689719	306.1957425	323.49997
ChrZ	29889842	30089844	superscaffold54	11600000	11800000	11700000.0	332.8336000000021	340.7803606912287	-0.09771549438275362	189779	333.185099	323.8086525	343.29863
ChrZ	30089842	30289844	superscaffold54	11400000	11600000	11500000.0	253.67830000000149	261.57499976961145	-0.1264323877247135	185088	254.044327	245.71863	262.6360725
ChrZ	30289842	30489844	superscaffold54	11200000	11400000	11300000.0	229.40360000000098	209.99286080642298	0.38689603896519476	190513	229.308763	222.02663	236.4454875
ChrZ	30489842	30689844	superscaffold54	11000000	11200000	11100000.0	211.68640000000087	209.71099119460226	0.03942673497502004	178860	211.950513	204.5647475	220.07644
ChrZ	30689842	30889844	superscaffold54	10800000	11000000	10900000.0	280.25690000000156	267.4942616178462	0.19982861390893344	191457	280.593546	271.04089	289.2510975
ChrZ	30889842	31089844	superscaffold54	10600000	10800000	10700000.0	230.65820000000085	236.48860431756896	-0.10322584563252417	190699	229.778078	220.6217775	238.2325075
ChrZ	31089842	31289844	superscaffold54	10400000	10600000	10500000.0	251.37790000000203	222.95886295017527	0.5335998547911791	184847	250.984311	244.746095	256.8012825
ChrZ	31289842	31489844	superscaffold54	10200000	10400000	10300000.0	42.08230000000003	43.971659444029505	-0.17787923354032883	33927	42.112034	38.963045	45.13983
ChrZ	31489842	31689844	superscaffold54	10000000	10200000	10100000.0	298.62280000000135	292.5806570698887	0.08650938577636234	189305	297.501085	289.693815	303.5280425
ChrZ	31689842	31889844	superscaffold54	9800000	10000000	9900000.0	337.18770000000103	321.0494878637796	0.21061184101034827	192033	336.194949	325.5597725	345.626925
ChrZ	31889842	32089844	superscaffold54	9600000	9800000	9700000.0	380.51380000000216	352.6188843876982	0.33150787320584896	188635	381.775039	371.072765	393.1247575
ChrZ	32089842	32289844	superscaffold54	9400000	9600000	9500000.0	405.7138000000019	375.45032294517506	0.33782136232923154	187993	405.631413	396.34465	415.249845
ChrZ	32289842	32489844	superscaffold54	9200000	9400000	9300000.0	309.237400000001	287.78887366893673	0.31219504347140836	192811	309.514199	300.96451	319.87526
ChrZ	32489842	32689844	superscaffold54	9000000	9200000	9100000.0	358.85680000000104	346.4177529276427	0.15046922190093512	190751	359.457483	351.119215	371.0745375
ChrZ	32689842	32889844	superscaffold54	8800000	9000000	8900000.0	464.96050000000116	428.1599403556463	0.36029432165087405	187927	465.436709	455.251045	475.6893325
ChrZ	32889842	33089844	superscaffold54	8600000	8800000	8700000.0	294.73310000000185	274.82287152518444	0.3034462999736948	186376	294.417305	286.78202	302.2110625
ChrZ	33089842	33289844	superscaffold54	8400000	8600000	8500000.0	337.9357000000015	316.5395740746483	0.28320084301097903	190785	338.11089	330.2624375	346.695435
ChrZ	33289842	33489844	superscaffold54	8200000	8400000	8300000.0	225.28990000000098	213.9390353719128	0.2220850009980749	185386	225.690585	219.4018325	232.7865725
ChrZ	33489842	33689844	superscaffold54	8000000	8200000	8100000.0	196.52870000000104	191.10759681443594	0.11869712104116706	186589	196.768456	190.0355375	204.312275
ChrZ	33689842	33889844	superscaffold54	7800000	8000000	7900000.0	179.31510000000037	177.57785544704225	0.040925659990678466	190932	179.26998	173.60172	185.9361925
ChrZ	33889842	34089844	superscaffold54	7600000	7800000	7700000.0	126.6999999999995	143.75350202855802	-0.4958652795538517	190742	126.645181	122.0596475	132.1378175
ChrZ	34089842	34289844	superscaffold54	7400000	7600000	7500000.0	237.14400000000214	232.82429936389983	0.07767968688828601	191480	237.195657	228.7724925	244.7756925
ChrZ	34289842	34489844	superscaffold54	7200000	7400000	7300000.0	224.55900000000088	210.27473041824368	0.28433439998266374	190677	225.072527	217.5648725	231.283625
ChrZ	34489842	34689844	superscaffold54	7000000	7200000	7100000.0	277.55920000000185	260.7293909341493	0.27033035441037434	189119	276.830072	267.6888775	286.30725
ChrZ	34689842	34889844	superscaffold54	6800000	7000000	6900000.0	175.25230000000042	186.315813413484	-0.2484492638918311	190645	174.84706	168.77173	181.6026925
ChrZ	34889842	35089844	superscaffold54	6600000	6800000	6700000.0	305.14100000000104	296.2449620235578	0.1257983272828196	190190	304.815848	296.4050725	313.73692
ChrZ	35089842	35289844	superscaffold54	6400000	6600000	6500000.0	214.27040000000093	212.5296873128093	0.03428305286309439	190414	214.063259	205.0155775	221.6981325
ChrZ	35289842	35489844	superscaffold54	6200000	6400000	6300000.0	206.74860000000112	204.35546857000892	0.04901192583548154	187558	206.216122	199.488515	213.18466
ChrZ	35489842	35689844	superscaffold54	6000000	6200000	6100000.0	197.29140000000103	176.16850738793875	0.5015758033523484	166603	197.679615	191.6758625	203.835845
ChrZ	35689842	35889844	superscaffold54	5800000	6000000	5900000.0	261.70650000000205	246.0721711194728	0.26604859824088534	190238	262.625869	253.9145775	270.4395075
ChrZ	35889842	36089844	superscaffold54	5600000	5800000	5700000.0	244.63200000000208	230.85121208115493	0.24992756136258237	186242	244.363178	236.9142525	252.84668
ChrZ	36089842	36289844	superscaffold54	5400000	5600000	5500000.0	238.866700000002	229.44186402205142	0.171975370796573	192572	238.519933	231.1138	245.3405725
ChrZ	36289842	36489844	superscaffold54	5200000	5400000	5300000.0	340.6929000000012	324.9956624292694	0.2023742186435448	191856	340.005705	330.36156	348.1511125
ChrZ	36489842	36689844	superscaffold54	5000000	5200000	5100000.0	390.7432000000009	352.3370147758775	0.4567900692508633	186641	390.452105	379.04286	401.49073
ChrZ	36689842	36889844	superscaffold54	4800000	5000000	4900000.0	201.88670000000133	193.92629293264295	0.17177084322356745	190311	202.105707	196.8728225	209.2189525
ChrZ	36889842	37089844	superscaffold54	4600000	4800000	4700000.0	357.6743000000018	352.9007539995189	0.05668439263278686	194476	357.81591	346.2072925	367.19402
ChrZ	37089842	37289844	superscaffold54	4400000	4600000	4500000.0	415.13790000000193	402.22793606814173	0.13453066502843072	193423	415.554302	405.7170075	426.228205
ChrZ	37289842	37489844	superscaffold54	4200000	4400000	4300000.0	376.8651000000019	365.8667561432712	0.1259813728045715	189436	376.806532	364.80335	385.9741025
ChrZ	37489842	37689844	superscaffold54	4000000	4200000	4100000.0	349.59360000000066	317.3851829101104	0.425179588828196	188408	349.569799	339.9115775	362.43608
ChrZ	37689842	37889844	superscaffold54	3800000	4000000	3900000.0	299.270400000002	309.21096416731007	-0.13468629974591656	186092	299.266535	291.7291375	308.918905
ChrZ	37889842	38089844	superscaffold54	3600000	3800000	3700000.0	326.60620000000137	293.70813551717146	0.46921916642969297	188999	325.799001	317.16026	335.3355575
ChrZ	38089842	38289844	superscaffold54	3400000	3600000	3500000.0	396.27010000000087	375.73219255699576	0.22908628555929017	190507	395.895165	384.954355	406.4867125
ChrZ	38289842	38489844	superscaffold54	3200000	3400000	3300000.0	406.71980000000127	423.0862873428737	-0.16215413004046772	188685	407.013906	396.73723	416.9792375
ChrZ	38489842	38689844	superscaffold54	3000000	3200000	3100000.0	352.98220000000094	339.0891430203045	0.1716832207130629	189923	352.550374	343.3277775	363.027855
ChrZ	38689842	38889844	superscaffold54	2800000	3000000	2900000.0	468.31689999999975	435.77041987480527	0.3130879025609554	191706	468.408714	458.3773725	478.2056275
ChrZ	38889842	39089844	superscaffold54	2600000	2800000	2700000.0	368.1803000000013	340.7803606912287	0.3369169803452208	191664	369.307362	361.4073475	381.4493075
ChrZ	39089842	39289844	superscaffold54	2400000	2600000	2500000.0	387.91140000000183	344.72653525671853	0.5249449272722115	187519	388.124768	378.38842	397.033315
ChrZ	39289842	39489844	superscaffold54	2200000	2400000	2300000.0	302.6982000000016	275.38661074882583	0.4153982179567277	193915	302.258472	295.0901125	310.1496925
ChrZ	39489842	39689844	superscaffold54	2000000	2200000	2100000.0	360.2839000000013	330.9149242775041	0.37187481686958607	191130	359.957132	351.02168	369.2603075
ChrZ	39689842	39889844	superscaffold54	1800000	2000000	1900000.0	329.18360000000143	315.4120956273655	0.1829310442261974	193244	328.577767	320.309385	335.5703875
ChrZ	39889842	40089844	superscaffold54	1600000	1800000	1700000.0	272.77840000000197	254.5282594740939	0.3002691478005956	188645	273.039856	265.26098	280.692545
ChrZ	40089842	40289844	superscaffold54	1400000	1600000	1500000.0	315.3951000000013	286.9432648334746	0.41534983331741043	189559	315.557214	305.613975	324.79758
ChrZ	40289842	40489844	superscaffold54	1200000	1400000	1300000.0	283.7473000000012	259.03817326322513	0.39947767562472564	192167	283.455716	276.278295	291.86596
ChrZ	40489842	40689844	superscaffold54	1000000	1200000	1100000.0	256.0201000000018	235.36112587028614	0.3675095028005354	192014	255.768852	248.04113	262.576065
ChrZ	40689842	40889844	superscaffold54	800000	1000000	900000.0	329.3720000000018	314.5664867919034	0.19719372684918338	192872	329.444944	319.2943925	337.143395
ChrZ	40889842	41089844	superscaffold54	600000	800000	700000.0	306.09830000000176	278.20530686703285	0.41995240915043697	188900	305.614469	296.4002075	313.7791025
ChrZ	41089842	41289844	superscaffold54	400000	600000	500000.0	331.67430000000087	298.7817885299441	0.46118994496283466	193006	331.822068	323.1158675	340.570315
ChrZ	41289842	41489844	superscaffold54	200000	400000	300000.0	324.294000000001	279.8965245379571	0.6644112468041949	184353	324.732591	316.3961525	334.86721
ChrZ	41489842	41689844	superscaffold54	0	200000	100000.0	200.24400000000068	187.72516147258753	0.2790273172786505	184246	200.188346	194.0095925	206.6316325
ChrZ	41689842	41889842	superscaffold35	0	200000	100000.0	207.01730000000057	200.4092940045191	0.13799018407195998	178832	206.798778	199.158215	215.99001
ChrZ	41889842	42089842	superscaffold35	200000	400000	300000.0	331.5854000000016	316.25770446282763	0.20305907514585722	187593	330.757329	320.87692	340.883995
ChrZ	42089842	42289842	superscaffold35	400000	600000	500000.0	288.7326000000021	265.52117433510125	0.3661228813907711	188400	288.802991	279.1889925	298.76527
ChrZ	42289842	42489842	superscaffold35	600000	800000	700000.0	297.1419000000026	263.2662174405356	0.5389003523386542	180796	297.121731	288.3345125	305.987655
ChrZ	42489842	42689842	superscaffold35	800000	1000000	900000.0	307.2537000000017	283.5608294916262	0.34999356469073406	189109	306.66568	297.480655	315.0550725
ChrZ	42689842	42889842	superscaffold35	1000000	1200000	1100000.0	245.19370000000086	216.75773149011982	0.5491488298135321	193127	245.466343	237.47045	254.8941275
ChrZ	42889842	43089842	superscaffold35	1200000	1400000	1300000.0	354.0153000000024	328.3780977711178	0.3271255681949918	186083	354.193377	343.19411	364.2075975
ChrZ	43089842	43289842	superscaffold35	1400000	1600000	1500000.0	265.2608000000019	246.63591034311423	0.3162162078324118	191976	265.303676	257.4020525	272.3920425
ChrZ	43289842	43489842	superscaffold35	1600000	1800000	1700000.0	297.304800000003	267.7761312296669	0.4618540378583874	191229	297.479329	289.5251775	303.40062
ChrZ	43489842	43689842	superscaffold35	1800000	2000000	1900000.0	342.39420000000223	323.02257514652445	0.25126826339587177	186613	342.726902	334.01772	350.3137375
ChrZ	43689842	43889842	superscaffold35	2000000	2200000	2100000.0	321.3584000000017	310.33844261459285	0.14876979754564498	195012	320.783076	312.6359275	329.48358
ChrZ	43889842	44089842	superscaffold35	2200000	2400000	2300000.0	350.5302000000008	334.01549000753187	0.20717445879508664	191344	351.818646	342.10516	361.2734525
ChrZ	44089842	44289842	superscaffold35	2400000	2600000	2500000.0	329.4941000000008	318.23079174557256	0.1482913081818549	188868	330.723966	321.80699	341.8703325
ChrZ	44289842	44489842	superscaffold35	2600000	2800000	2700000.0	365.9858000000022	342.1897087503322	0.29140016269652086	192029	365.466915	356.2163025	374.6129525
ChrZ	44489842	44689842	superscaffold35	2800000	3000000	2900000.0	288.17010000000187	290.04383056350235	-0.027061590405438693	189616	287.934242	277.1415125	297.2303525
ChrZ	44689842	44889842	superscaffold35	3000000	3200000	3100000.0	345.6127000000017	359.1018854595743	-0.1574186480600176	194476	345.714463	336.1086525	355.597165
ChrZ	44889842	45089842	superscaffold35	3200000	3400000	3300000.0	293.01550000000117	302.1642238717925	-0.1268424053878469	190025	293.300561	283.949125	302.1713725
ChrZ	45089842	45289842	superscaffold35	3400000	3600000	3500000.0	281.9433000000007	293.70813551717146	-0.1677997292950302	192600	282.386882	272.93988	292.1319175
ChrZ	45289842	45489842	superscaffold35	3600000	3800000	3700000.0	476.80870000000147	430.9786364738533	0.4457669382267235	194256	476.827168	464.4763775	487.41937
ChrZ	45489842	45689842	superscaffold35	3800000	4000000	3900000.0	315.8664000000015	278.48717647885354	0.5622072200764164	190781	316.017124	308.61418	324.3571125
ChrZ	45689842	45889842	superscaffold35	4000000	4200000	4100000.0	462.4960000000032	453.5282054195095	0.08289446828046977	192110	462.88258	451.4403675	475.99418
ChrZ	45889842	46089842	superscaffold35	4200000	4400000	4300000.0	343.72240000000176	335.70670767845604	0.10004996617921542	185235	344.01786	334.644215	355.0722825
ChrZ	46089842	46315381	superscaffold35	4400000	4625539	4512769.5	463.41560000000436	462.82990260959264	0.005305276353641002	217672	462.82039	452.93074	473.850075
ChrZ	46315381	46709558	superscaffold36	9000000	9394175	9197087.5	597.0897000000053	622.0862332882892	-0.16851335350113972	371893	596.397411	584.1092975	611.0146175
ChrZ	46709556	46909558	superscaffold36	8800000	9000000	8900000.0	301.6899000000005	291.17130901078514	0.1513290780527527	192447	301.765205	291.6399725	310.7087075
ChrZ	46909556	47109558	superscaffold36	8600000	8800000	8700000.0	317.7519000000002	328.9418369947592	-0.14253711858709966	188164	317.942409	307.633385	327.8233025
ChrZ	47109556	47309558	superscaffold36	8400000	8600000	8500000.0	274.7450000000015	269.4673489005911	0.08203016117865826	191997	274.778739	265.7280375	283.2601225
ChrZ	47309556	47509558	superscaffold36	8200000	8400000	8300000.0	315.7070000000018	339.6528822439459	-0.2954205992147508	194281	316.060392	302.8448075	328.11502
ChrZ	47509556	47709558	superscaffold36	8000000	8200000	8100000.0	338.6279000000018	338.24353418484236	0.004761646911776473	190270	338.239926	328.351525	346.539105
ChrZ	47709556	47909558	superscaffold36	7800000	8000000	7900000.0	283.6729000000017	293.99000512899215	-0.14701022432312252	190963	283.85553	275.375355	295.1347125
ChrZ	47909556	48109558	superscaffold36	7600000	7800000	7700000.0	381.70910000000373	405.89224102181083	-0.2497333201697547	188901	382.067336	369.72127	396.527285
ChrZ	48109556	48309558	superscaffold36	7400000	7600000	7500000.0	408.92690000000124	413.5027205409698	-0.04638497753324146	191003	408.166829	397.4868075	420.0484975
ChrZ	48309556	48509558	superscaffold36	7200000	7400000	7300000.0	482.36050000000256	462.82990260959264	0.17690913124094115	195302	483.016733	472.40959	494.251935
ChrZ	48509556	48709558	superscaffold36	7000000	7200000	7100000.0	381.4410000000005	375.1684533333543	0.07007091958049799	191671	380.942545	370.0649225	393.60115
ChrZ	48709556	48909558	superscaffold36	6800000	7000000	6900000.0	347.91030000000035	331.19679388932485	0.21144939922026	191790	348.161643	338.5033475	357.0026575
ChrZ	48909556	49109558	superscaffold36	6600000	6800000	6700000.0	304.92710000000164	285.8157863861918	0.2800918183026535	187494	304.87301	294.5598275	313.273495
ChrZ	49109556	49309558	superscaffold36	6400000	6600000	6500000.0	257.710600000001	255.09199869773528	0.042988805920030036	190001	257.574263	250.851	265.8747125
ChrZ	49309556	49509558	superscaffold36	6200000	6400000	6300000.0	265.28690000000086	259.03817326322513	0.10102448617522206	187992	264.7379	254.2018175	273.7154825
ChrZ	49509556	49709558	superscaffold36	6000000	6200000	6100000.0	368.53330000000125	364.45740808416764	0.04686784936040203	191678	368.034873	359.579	377.0556925
ChrZ	49709556	49909558	superscaffold36	5800000	6000000	5900000.0	346.3838000000011	328.3780977711178	0.2297491559253319	188943	345.540899	335.22997	354.39387
ChrZ	49909556	50109558	superscaffold36	5600000	5800000	5700000.0	377.93880000000087	347.82710098674625	0.36277361656107254	191845	378.300357	367.2724425	389.778535
ChrZ	50109556	50309558	superscaffold36	5400000	5600000	5500000.0	383.15990000000056	366.43049536691257	0.19133393360863118	195153	382.88206	371.85968	392.91072
ChrZ	50309556	50509558	superscaffold36	5200000	5400000	5300000.0	313.3499000000015	292.86252668170937	0.29304964900005026	189725	313.694933	302.3674625	324.6525
ChrZ	50509556	50709558	superscaffold36	5000000	5200000	5100000.0	316.8667000000014	308.0834857200273	0.11943982256906613	190435	316.680222	307.846095	325.1189175
ChrZ	50709556	50909558	superscaffold36	4800000	5000000	4900000.0	289.2538000000019	271.1585665715153	0.2795027722532662	189125	289.543594	280.9696925	297.38199
ChrZ	50909556	51109558	superscaffold36	4600000	4800000	4700000.0	282.40360000000067	262.13873899325284	0.3237602894245212	190420	282.082943	274.837675	289.9142325
ChrZ	51109556	51309558	superscaffold36	4400000	4600000	4500000.0	289.370600000001	290.04383056350235	-0.009723217474694212	186443	289.512523	281.787755	296.8571975
ChrZ	51309556	51509558	superscaffold36	4200000	4400000	4300000.0	358.3426000000003	311.184051450055	0.6349154381025839	193064	357.452067	348.02235	367.0657025
ChrZ	51509556	51709558	superscaffold36	4000000	4200000	4100000.0	386.5460000000019	372.631626826968	0.15649457233000896	189706	386.159318	374.61991	396.48435
ChrZ	51709556	51909558	superscaffold36	3800000	4000000	3900000.0	284.3221000000021	263.8299566641771	0.32529771046022726	191119	284.092799	275.2095425	292.8350775
ChrZ	51909556	52109558	superscaffold36	3600000	3800000	3700000.0	259.4573000000016	249.17273684950055	0.17283955718427074	188277	259.248573	251.0525575	267.0163575
ChrZ	52109556	52309558	superscaffold36	3400000	3600000	3500000.0	204.72929999999963	190.69216816658238	0.8327950578684548	175575	205.43542	195.92347999999998	214.47059000000002
ChrZ	52309556	52509558	superscaffold36	3200000	3400000	3300000.0	235.65590000000077	242.9601282886118	-0.13389350012240442	179817	235.950145	228.0309	244.24392
ChrZ	52509556	52709558	superscaffold36	3000000	3200000	3100000.0	153.20759999999964	164.22874494445406	-0.29854206447321935	183261	153.548044	145.923475	160.3061075
ChrZ	52709556	52909558	superscaffold36	2800000	3000000	2900000.0	135.2254999999994	159.0004890192561	-0.6651199541561165	179221	135.458212	128.5887325	142.39784
ChrZ	52909556	53109558	superscaffold36	2600000	2800000	2700000.0	146.03259999999986	151.31187736455317	-0.1551672210137057	178132	145.964691	138.87734	152.83692
ChrZ	53109556	53309558	superscaffold36	2400000	2600000	2500000.0	181.07249999999942	222.96973798638425	-0.8366956404567222	184214	180.868167	172.628185	189.6575225
ChrZ	53309556	53509558	superscaffold36	2200000	2400000	2300000.0	198.41479999999882	245.72802848430484	-0.8575503522395904	183396	198.761888	189.9388375	208.2870825
ChrZ	53509556	53709558	superscaffold36	2000000	2200000	2100000.0	136.80469999999974	154.0797775602462	-0.4986576078618961	130016	136.715019	129.3350475	143.7210425
ChrZ	53709556	53909558	superscaffold36	1800000	2000000	1900000.0	155.3833999999999	169.14945640346392	-0.36208544540138005	144278	155.185204	149.21897	162.525625
ChrZ	53909556	54109558	superscaffold36	1600000	1800000	1700000.0	64.84060000000008	69.81259382470238	-0.31534262368563903	94489	64.77857	61.241545	68.8403375
ChrZ	54109556	54309558	superscaffold36	1400000	1600000	1500000.0	NA	NA	NA	0	NA	NA	NA
ChrZ	54309556	54509558	superscaffold36	1200000	1400000	1300000.0	NA	NA	NA	0	NA	NA	NA
ChrZ	54509556	54709558	superscaffold36	1000000	1200000	1100000.0	78.54069999999982	80.88419460747457	-0.1284312301731519	128717	78.2563	74.6384075	82.1203325
ChrZ	54709556	54909558	superscaffold36	800000	1000000	900000.0	187.66880000000052	181.45123505098857	0.15248686539100215	186353	187.314457	180.7169225	194.0288725
ChrZ	54909556	55109558	superscaffold36	600000	800000	700000.0	135.71239999999992	141.16290998034535	-0.1716709373366236	138887	135.973131	130.51744	141.90395
ChrZ	55109556	55309558	superscaffold36	400000	600000	500000.0	113.61119999999987	120.24988627955344	-0.24528518919104625	130507	113.673357	108.703545	118.83015
ChrZ	55309556	55509558	superscaffold36	200000	400000	300000.0	200.0815000000008	213.74340400074078	-0.28457597092621784	185798	200.303973	193.97776	206.73354
ChrZ	55509556	55709558	superscaffold36	0	200000	100000.0	3.1422	3.6905335942573947	-0.5788413650671224	164586	3.221029	2.1573675	4.2216775
ChrZ	55709556	55909556	superscaffold62	0	200000	100000.0	85.70029999999998	80.26910567509833	0.29991199297135057	172872	86.019801	80.4375375	91.200015
ChrZ	55909556	56109556	superscaffold62	200000	400000	300000.0	210.8778000000003	217.12639312881004	-0.128134930991479	188357	210.397254	202.8059975	219.12769
ChrZ	56109556	56309556	superscaffold62	400000	600000	500000.0	63.030800000000035	56.28063731242527	0.530020553209075	54878	62.849276	59.910665	66.719835
ChrZ	56309556	56509556	superscaffold62	600000	800000	700000.0	177.55530000000047	168.8419119372758	0.22960230372209606	147559	178.018294	170.438	185.9146225
ChrZ	56509556	56709556	superscaffold62	800000	1000000	900000.0	128.65259999999986	125.1705977385633	0.12361803512497033	184275	128.543966	122.30877	134.8154
ChrZ	56709556	56909556	superscaffold62	1000000	1200000	1100000.0	8.573699999999999	7.688611654702905	0.47916722489476177	148287	8.64445	7.4960025	9.7681875
ChrZ	56909556	57109556	superscaffold62	1200000	1400000	1300000.0	66.70950000000009	64.5843378995044	0.14560111697353753	56205	66.795982	63.1596475	70.8180375
ChrZ	57109556	57309556	superscaffold62	1400000	1600000	1500000.0	148.55150000000003	155.3099554249987	-0.1935481602443927	182873	149.444743	144.9618275	155.4779125
ChrZ	57309556	57509556	superscaffold62	1600000	1800000	1700000.0	131.49319999999997	127.63095346806823	0.13448609476398246	153758	131.291201	125.502065	137.18675
ChrZ	57509556	57709556	superscaffold62	1800000	2000000	1900000.0	NA	NA	NA	0	NA	NA	NA
ChrZ	57709556	57909556	superscaffold62	2000000	2200000	2100000.0	NA	NA	NA	0	NA	NA	NA
ChrZ	57909556	58109556	superscaffold62	2200000	2400000	2300000.0	204.09950000000063	210.05287040648338	-0.12618086199810466	148841	204.277919	197.370925	210.19966
ChrZ	58109556	58309556	superscaffold62	2400000	2600000	2500000.0	224.39080000000124	225.7376381820773	-0.026567653960185133	184863	224.515907	216.1515525	233.2217925
ChrZ	58309556	58626847	superscaffold62	2600000	2917291	2758645.5	337.36550000000216	342.91207979974956	-0.0720879105066519	299613	337.229682	329.2185	346.722015
ChrZ	58626847	58826847	superscaffold67	0	200000	100000.0	NA	NA	NA	172590	NA	NA	NA
ChrZ	58826847	59026847	superscaffold67	200000	400000	300000.0	118.87739999999965	126.40077560331576	-0.26450717071823676	184507	119.004938	114.1455025	124.1051475
ChrZ	59026847	59226847	superscaffold67	400000	600000	500000.0	328.3168000000013	314.31044444425476	0.19857288344418417	186830	328.659608	320.5232825	334.564045
ChrZ	59226847	59426847	superscaffold67	600000	800000	700000.0	129.76629999999975	121.4800641443059	0.3030728696904368	123459	129.92663	125.1186	135.3353975
ChrZ	59426847	59626847	superscaffold67	800000	1000000	900000.0	NA	NA	NA	0	NA	NA	NA
ChrZ	59626847	59826847	superscaffold67	1000000	1200000	1100000.0	NA	NA	NA	0	NA	NA	NA
ChrZ	59826847	60026847	superscaffold67	1200000	1400000	1300000.0	NA	NA	NA	0	NA	NA	NA
ChrZ	60026847	60226847	superscaffold67	1400000	1600000	1500000.0	NA	NA	NA	0	NA	NA	NA
ChrZ	60226847	60426847	superscaffold67	1600000	1800000	1700000.0	NA	NA	NA	0	NA	NA	NA
ChrZ	60426847	60626847	superscaffold67	1800000	2000000	1900000.0	103.73409999999973	102.10476277445458	0.07083891089329546	77144	103.707705	99.061205	108.431855
ChrZ	60626847	60826847	superscaffold67	2000000	2200000	2100000.0	222.21010000000146	220.50938225687932	0.034341615041649454	183993	222.417849	215.89403	229.7574575
ChrZ	60826847	61026847	superscaffold67	2200000	2400000	2300000.0	11.473699999999997	13.224412046088997	-0.56676044508699	10120	11.492004	9.97805	12.85781
ChrZ	61026847	61226847	superscaffold67	2400000	2600000	2500000.0	73.43639999999998	68.2748714937618	0.3346753271255061	70831	73.535072	69.59223	76.570905
ChrZ	61226847	61426847	superscaffold67	2600000	2800000	2700000.0	237.21440000000223	215.8962152640576	0.4396393460714115	183062	236.900043	229.6177375	242.827935
ChrZ	61426847	61626847	superscaffold67	2800000	3000000	2900000.0	237.73650000000208	219.27920439212687	0.37478294252947325	185300	237.810016	230.48751	244.3135925
ChrZ	61626847	61826847	superscaffold67	3000000	3200000	3100000.0	301.3353000000006	272.79194150885905	0.4661290042669147	193440	300.813328	292.60742	308.24702
ChrZ	61826847	62026847	superscaffold67	3200000	3400000	3300000.0	228.54110000000082	201.74916981940424	0.5911566293349844	174193	227.98463	221.964555	234.34999
ChrZ	62026847	62226847	superscaffold67	3400000	3600000	3500000.0	197.10750000000064	186.37194650999842	0.25636115197195963	182647	197.075691	189.45595	202.7256025
ChrZ	62226847	62426847	superscaffold67	3600000	3800000	3700000.0	207.36900000000128	177.45315699054305	0.7501681055172394	179533	207.390379	201.6719425	213.241305
ChrZ	62426847	62626847	superscaffold67	3800000	4000000	3900000.0	288.721400000001	243.26767275479992	0.8321594799920928	187260	288.376728	281.7113	296.33497
ChrZ	62626847	62826847	superscaffold67	4000000	4200000	4100000.0	204.81140000000008	200.21144748846365	0.10227400505049938	188323	205.442499	198.1607675	213.5922825
ChrZ	62826847	63026847	superscaffold67	4200000	4400000	4300000.0	247.68730000000164	206.6698812784141	0.8835495251692698	184532	247.123595	241.321555	251.90174
ChrZ	63026847	63226847	superscaffold67	4400000	4600000	4500000.0	159.7070000000002	168.22682300489956	-0.2253198115018503	186566	159.598889	152.61462	165.18014
ChrZ	63226847	63426847	superscaffold67	4600000	4800000	4700000.0	202.97390000000058	204.5170700150973	-0.03359009774417179	180864	203.194757	194.5307225	210.1525025
ChrZ	63426847	63626847	superscaffold67	4800000	5000000	4900000.0	173.61229999999998	169.14945640346392	0.11738515839596832	187582	173.291077	166.88882	179.29171
ChrZ	63626847	63927107	superscaffold67	5000000	5300260	5150130.0	248.94949999999983	239.57713916054254	0.1742245204758681	279070	249.885701	242.0829975	259.9292375
ChrZ	63927107	64127107	superscaffold69-1	0	200000	100000.0	161.3792	170.6871787344045	-0.24262742280774546	193128	161.253804	154.645735	168.888375
ChrZ	64127107	64327107	superscaffold69-1	200000	400000	300000.0	198.24359999999996	211.28304827123583	-0.2747645407282622	180475	199.168969	191.22746	206.19786
ChrZ	64327107	64527107	superscaffold69-1	400000	600000	500000.0	242.7748000000002	239.57713916054254	0.05944189899876194	189061	242.232526	234.9236275	250.4873725
ChrZ	64527107	64727107	superscaffold69-1	600000	800000	700000.0	228.26130000000043	234.65642770153266	-0.12136698497766998	179475	228.439091	220.8909975	239.4013175
ChrZ	64727107	64927107	superscaffold69-1	800000	1000000	900000.0	227.93630000000073	238.03941682960195	-0.18901898050102325	185002	227.246405	217.396745	236.9572125
ChrZ	64927107	65127107	superscaffold69-1	1000000	1200000	1100000.0	166.6838999999998	173.45507893009756	-0.17369446229419944	178463	165.952803	158.2257775	173.3473425
ChrZ	65127107	65327107	superscaffold69-1	1200000	1400000	1300000.0	205.86770000000035	193.137924766137	0.2933650455353448	182244	206.155931	199.4987825	211.60114
ChrZ	65327107	65527107	superscaffold69-1	1400000	1600000	1500000.0	201.23980000000054	198.05863622514684	0.07149563397318867	180523	200.777553	194.3453775	207.61921
ChrZ	65527107	65727107	superscaffold69-1	1600000	1800000	1700000.0	238.498500000001	242.3450393562356	-0.07068928709821298	187652	238.290793	230.8404075	246.974725
ChrZ	65727107	65927107	superscaffold69-1	1800000	2000000	1900000.0	207.2703000000003	215.28112633168135	-0.1656759303169752	175717	207.727421	200.128335	214.9663225
ChrZ	65927107	66127107	superscaffold69-1	2000000	2200000	2100000.0	144.52939999999967	158.07785562069174	-0.3812305765464383	180280	144.519042	137.87149	150.995905
ChrZ	66127107	66327107	superscaffold69-1	2200000	2400000	2300000.0	127.39309999999945	131.32148706232562	-0.13296172540168913	188973	127.110991	121.0989125	132.88506
ChrZ	66327107	66527107	superscaffold69-1	2400000	2600000	2500000.0	173.74810000000036	163.61365601207783	0.2755514278812194	188159	173.831191	165.58753	180.81509
ChrZ	66527107	66727107	superscaffold69-1	2600000	2800000	2700000.0	214.34530000000052	211.28304827123583	0.0645271312364055	182710	214.646736	208.5368525	222.353875
ChrZ	66727107	66927107	superscaffold69-1	2800000	3000000	2900000.0	203.71090000000027	195.2907360294538	0.19191474095296265	189714	203.979616	197.00851	212.1120575
ChrZ	66927107	67127107	superscaffold69-1	3000000	3200000	3100000.0	158.41560000000027	146.69871037173144	0.35516717601576236	179764	159.043316	151.9736175	164.5584125
ChrZ	67127107	67327107	superscaffold69-1	3200000	3400000	3300000.0	248.0242000000015	230.65834964108717	0.3352680968728296	178508	248.391179	241.2974225	255.6278925
ChrZ	67327107	67527107	superscaffold69-1	3400000	3600000	3500000.0	176.4906000000001	183.29650184811726	-0.16524083181512544	178904	176.079852	168.79375	184.670935
ChrZ	67527107	67727107	superscaffold69-1	3600000	3800000	3700000.0	281.1827000000016	288.78425375064114	-0.11727681937744679	185293	281.008491	271.2282	289.58605
ChrZ	67727107	67927107	superscaffold69-1	3800000	4000000	3900000.0	218.84120000000098	243.57521722098804	-0.45225598236586523	181201	218.829152	211.404545	226.5267375
ChrZ	67927107	68127107	superscaffold69-1	4000000	4200000	4100000.0	223.67930000000104	244.19030615336428	-0.3740967093312686	163643	224.159715	216.0501575	235.14467
ChrZ	68127107	68327107	superscaffold69-1	4200000	4400000	4300000.0	289.2898000000013	295.2426875405916	-0.08983607651896991	193123	289.252539	278.803815	297.96243
ChrZ	68327107	68527107	superscaffold69-1	4400000	4600000	4500000.0	235.10200000000071	230.9658941072753	0.07974630905022391	187286	235.333563	228.68305	243.56093
ChrZ	68527107	68727107	superscaffold69-1	4600000	4800000	4700000.0	241.2076000000011	240.807317025295	0.0074030113594678055	188278	241.007133	232.10284	247.766745
ChrZ	68727107	68927107	superscaffold69-1	4800000	5000000	4900000.0	206.2157000000005	219.58674885831496	-0.2711253569418159	189292	205.097961	197.12406	213.5675475
ChrZ	68927107	69127107	superscaffold69-1	5000000	5200000	5100000.0	280.74000000000177	296.472865405344	-0.23644418475893766	185158	280.117161	271.2143525	288.0916225
ChrZ	69127107	69327107	superscaffold69-1	5200000	5400000	5300000.0	181.39690000000047	211.59059273742395	-0.6353129614373895	175509	181.561563	175.36259	186.86301
ChrZ	69327107	69527107	superscaffold69-1	5400000	5600000	5500000.0	184.04860000000022	213.12831506836454	-0.6074707122255556	187210	184.354249	176.3141775	192.018215
ChrZ	69527107	69905625	superscaffold69-1	5600000	5978518	5789259.0	439.7410000000006	509.9087249398967	-0.6136261573955485	364037	439.440116	427.1887275	452.0998525
ChrZ	69905625	70105625	superscaffold93	0	200000	100000.0	206.9923000000014	217.74148206118628	-0.21980390386643514	181816	206.72638	198.6130175	213.6498225
ChrZ	70105625	70305625	superscaffold93	200000	400000	300000.0	143.22069999999997	151.00433289836505	-0.22923878951746318	145514	142.685581	136.057145	150.5586675
ChrZ	70305625	70505625	superscaffold93	400000	600000	500000.0	107.2985999999998	111.9461856924743	-0.1843905744000591	120426	107.31943	101.6681675	112.6539125
ChrZ	70505625	70705625	superscaffold93	600000	800000	700000.0	318.9514000000024	331.22539008460114	-0.1651415574529264	179874	319.262484	308.079775	329.865175
ChrZ	70705625	70905625	superscaffold93	800000	1000000	900000.0	281.8660000000023	290.9370650139579	-0.13891493731203883	182075	282.455182	274.82206	291.5470025
ChrZ	70905625	71105625	superscaffold93	1000000	1200000	1100000.0	222.41299999999998	283.55599782544317	-0.9606722651136874	176992	223.013784	212.6792675	231.1181125
ChrZ	71105625	71305625	superscaffold93	1200000	1400000	1300000.0	264.4061000000022	281.0956420959382	-0.2645147886000462	184783	264.546355	257.7440075	272.868985
ChrZ	71305625	71505625	superscaffold93	1400000	1600000	1500000.0	304.3923000000019	309.697277451433	-0.076328708832143	175239	304.680511	296.090165	312.073045
ChrZ	71505625	71705625	superscaffold93	1600000	1800000	1700000.0	252.28150000000204	246.6506618828692	0.10167783735177374	186054	252.60842	244.96995	260.683135
ChrZ	71705625	71905625	superscaffold93	1800000	2000000	1900000.0	221.00050000000104	240.49977255910687	-0.3610882778824303	184457	221.146476	213.8832375	227.2893625
ChrZ	71905625	72105625	superscaffold93	2000000	2200000	2100000.0	219.04870000000088	242.03749489004747	-0.42300919014153093	181418	219.228685	211.9978625	227.7718975
ChrZ	72105625	72305625	superscaffold93	2200000	2400000	2300000.0	146.5413	151.31187736455317	-0.14021563581007934	180870	146.300412	140.577945	152.64257
ChrZ	72305625	72505625	superscaffold93	2400000	2600000	2500000.0	165.48720000000006	156.23258882356305	0.26347347939450455	182979	165.440725	160.0249325	172.279095
ChrZ	72505625	72705625	superscaffold93	2600000	2800000	2700000.0	206.68110000000115	208.20760360935466	-0.032639983316211	189112	206.842498	200.78762	213.0790225
ChrZ	72705625	72905625	superscaffold93	2800000	3000000	2900000.0	137.65589999999884	182.68141291574102	-1.0968458454236472	189262	137.017929	129.938575	146.037335
ChrZ	72905625	73105625	superscaffold93	3000000	3200000	3100000.0	228.91900000000163	248.4959286799979	-0.3508878604956239	184640	228.725394	220.908435	237.7739825
ChrZ	73105625	73305625	superscaffold93	3200000	3400000	3300000.0	294.85910000000223	292.4747873448985	0.03632193753998632	182455	295.774696	286.190765	303.9690075
ChrZ	73305625	73505625	superscaffold93	3400000	3600000	3500000.0	318.18200000000064	306.00674385717565	0.17728791639935815	192702	317.440234	306.5507575	326.401355
ChrZ	73505625	73705625	superscaffold93	3600000	3800000	3700000.0	270.8099000000015	269.4089523807898	0.023164928591360347	188839	270.512784	263.33567	280.674255
ChrZ	73705625	73905625	superscaffold93	3800000	4000000	3900000.0	314.40110000000084	297.7030432700965	0.24991475761699372	185469	314.51799	305.0439425	323.3955825
ChrZ	73905625	74105625	superscaffold93	4000000	4200000	4100000.0	227.6862000000005	223.27728245257236	0.08792593946348837	185062	227.610086	219.0441675	236.56306
ChrZ	74105625	74305625	superscaffold93	4200000	4400000	4300000.0	283.1349000000001	307.23692172192807	-0.3495548771559352	190848	282.61458	273.528295	291.268415
ChrZ	74305625	74505625	superscaffold93	4400000	4600000	4500000.0	235.52430000000055	252.80155120663153	-0.3044073213496292	176644	234.911335	225.9908175	244.0819475
ChrZ	74505625	74889216	superscaffold93	4600000	4983591	4791795.5	475.58359999999897	492.68623483336216	-0.154786950893367	336503	475.453409	465.6158525	485.0497725
ChrZ	74889216	75089216	superscaffold63	0	200000	100000.0	256.83520000000095	280.17300869737386	-0.37109961473131625	172841	256.946694	249.6595625	264.58531
ChrZ	75089216	75289216	superscaffold63	200000	400000	300000.0	206.82900000000043	234.04133876915643	-0.5177907596747926	174196	207.218644	199.9155225	213.657675
ChrZ	75289216	75489216	superscaffold63	400000	600000	500000.0	185.12820000000042	212.82077060217642	-0.5793271968205966	174664	185.301591	179.24345	191.0811375
ChrZ	75489216	75689216	superscaffold63	600000	800000	700000.0	180.29240000000047	191.9077469013845	-0.26939317697330784	180491	180.576632	173.2724375	187.7065525
ChrZ	75689216	75889216	superscaffold63	800000	1000000	900000.0	297.98430000000127	293.3974207434629	0.06965590526164879	188107	297.901503	289.8826125	305.637735
ChrZ	75889216	76089216	superscaffold63	1000000	1200000	1100000.0	326.20760000000155	320.7688782342052	0.07555691871104112	188881	327.172235	317.5560375	336.292365
ChrZ	76089216	76289216	superscaffold63	1200000	1400000	1300000.0	295.0238000000012	310.9274553161855	-0.22792021016894037	181647	294.666929	285.347685	304.0023975
ChrZ	76289216	76582141	superscaffold63	1400000	1692925	1546462.5	486.31549999999993	500.9899354204413	-0.1306118473809298	277817	485.331651	472.5979675	498.7154825
ChrZ	76582141	76782141	superscaffold88	0	200000	100000.0	157.71220000000002	174.3777123286619	-0.42524968394935286	189281	157.154511	149.3459275	163.66536
ChrZ	76782141	76982141	superscaffold88	200000	400000	300000.0	98.30289999999954	133.16675385945433	-1.1637347069232038	173711	98.596662	94.263135	104.917255
ChrZ	76982141	77206255	superscaffold88	400000	624114	512057.0	95.15499999999953	129.47622026519693	-1.1781318022290796	187791	94.775793	88.98525	99.94904
ChrZ	77206255	77406255	superscaffold83	0	200000	100000.0	161.10189999999932	231.88852750583962	-1.359386823498908	173482	161.033612	155.626755	166.745625
ChrZ	77406255	77606255	superscaffold83	200000	400000	300000.0	138.61459999999911	211.59059273742395	-1.5355059238045046	174058	138.729824	132.0671225	144.8289725
ChrZ	77606255	77988761	superscaffold83	400000	782506	591253.0	256.37500000000045	314.00289997806664	-0.817809147073337	303623	256.497447	247.333615	267.81959
ChrZ	77988761	78188761	superscaffold92	0	200000	100000.0	97.40199999999956	128.55358686663257	-1.0769693982442414	171403	97.547558	90.4694175	103.1666925
ChrZ	78188761	78388761	superscaffold92	200000	400000	300000.0	110.77199999999944	151.6194218307413	-1.1981513302503153	183331	110.497732	104.1433425	116.4034675
ChrZ	78388761	78588761	superscaffold92	400000	600000	500000.0	221.41180000000085	204.20952554890917	0.3750033026113441	171951	221.86093	213.0768675	230.178385
ChrZ	78588761	78788761	superscaffold92	600000	800000	700000.0	166.03910000000076	189.4473911718796	-0.5499346931007973	175912	165.615976	159.3345425	171.1613875
ChrZ	78788761	78988761	superscaffold92	800000	1000000	900000.0	148.59749999999997	169.14945640346392	-0.5405734271396301	186683	148.831251	142.015645	156.6146825
ChrZ	78988761	79188761	superscaffold92	1000000	1200000	1100000.0	315.32690000000053	326.91976755796753	-0.15802797664166426	187959	315.786859	307.5030825	327.3473175
ChrZ	79188761	79388761	superscaffold92	1200000	1400000	1300000.0	152.3538000000005	158.07785562069174	-0.1610652228972306	95850	151.999907	145.8641275	158.3107025
ChrZ	79388761	79588761	superscaffold92	1400000	1600000	1500000.0	217.7292000000005	228.81308284395845	-0.2157087195581069	126386	217.686179	210.297555	225.9285425
ChrZ	79588761	79788761	superscaffold92	1600000	1800000	1700000.0	308.2457000000015	315.54062230900723	-0.10302013202867313	185496	308.446289	300.11463	315.7137825
ChrZ	79788761	79988761	superscaffold92	1800000	2000000	1900000.0	369.1482000000007	368.74581495955135	0.004863912764686114	177799	369.650562	358.15689	379.500595
ChrZ	79988761	80188761	superscaffold92	2000000	2200000	2100000.0	165.2832999999999	177.14561252435493	-0.2979734729146428	123730	165.535873	158.31714	172.750265
ChrZ	80188761	80388761	superscaffold92	2200000	2400000	2300000.0	368.0756000000005	377.6646044790067	-0.11317599139484652	182780	368.850727	357.6049225	378.07663
ChrZ	80388761	80588761	superscaffold92	2400000	2600000	2500000.0	294.36010000000033	291.24460948014604	0.04766056277583462	183380	294.363276	285.4320025	303.9276825
ChrZ	80588761	80871604	superscaffold92	2600000	2882843	2741421.5	392.5870999999984	388.12111632940264	0.05129260704528765	243556	391.368095	380.75476	401.8632075
