scaffold	mean	SD	2.5	25	50	75	97.5	ESS
superscaffold11.283.1	156.370844375	4.71537770870664	147.493875	153.1345	156.271	159.4985	165.792625	4547.02459718861
superscaffold11.282.1	195.281751041667	7.41268632227896	182.878925	189.707	194.4735	200.387	210.860375	214.862449260482
superscaffold11.281.1	152.149017708333	3.68973102425632	145.215975	149.6235	152.0295	154.59025	159.69345	4799.99999999999
superscaffold11.280.1	174.894091875	4.26457628941149	166.614775	172.045	174.8265	177.7985	183.236525	4602.44321392378
superscaffold11.279.1	179.322385	4.36882129350542	170.968	176.2925	179.295	182.28325	188.294125	4800.00000000001
superscaffold11.278.1	167.566675416667	3.43446544813301	160.899925	165.2625	167.492	169.82825	174.505125	4799.99999999997
superscaffold11.277.1	166.409042291667	3.83142912929768	159.1688	163.77075	166.3845	168.8965	174.243225	3901.25622686013
superscaffold11.276.1	161.584245	3.36794969160904	155.13995	159.3095	161.575	163.82325	168.24925	4800
superscaffold11.275.1	163.480387291667	3.45469667554623	156.937375	161.11675	163.403	165.7545	170.5249	4446.14223720059
superscaffold11.274.1	171.653242083333	4.30637763117588	163.509725	168.76	171.58	174.54275	180.337025	4799.99999999999
superscaffold11.273.1	194.548245833333	5.07815580887753	185.0016	191.05775	194.416	197.98625	204.78925	4800.00000000001
superscaffold11.272.1	191.905559791667	5.76821061383217	180.9156	187.9415	191.86	195.557	204.181025	977.073964561276
superscaffold11.271.1	234.432108541667	6.06890775754136	222.29765	230.34375	234.3905	238.532	246.239475	3516.78150682779
superscaffold11.270.1	211.425840625	6.23060380281655	199.769425	207.17575	211.0735	215.53925	224.429625	4160.56835449411
superscaffold11.269.1	217.942179166667	6.73781079602022	205.34795	213.27525	217.7775	222.26725	231.882475	4800.00000000001
superscaffold11.268.1	169.549058541667	3.75095069170363	162.422575	166.94825	169.44	172.102	177.053725	4505.25996150788
superscaffold11.267.1	182.522710625	5.5195121651057	171.77025	178.75875	182.3675	186.1695	193.688375	3772.12482125882
superscaffold11.266.1	131.564980833333	2.67944305264285	126.404	129.731	131.5825	133.32675	137.00065	4192.74565032556
superscaffold11.265.1	146.770479583333	2.73810993197554	141.62775	144.87225	146.756	148.55325	152.31915	4799.99999999999
superscaffold11.264.1	116.529372083333	2.29827417341231	112.188925	114.969	116.393	118.0145	121.26655	3979.29097881052
superscaffold11.263.1	124.341178958333	2.16531991167946	120.142975	122.893	124.306	125.8375	128.637075	4799.99999999999
superscaffold11.262.1	121.014271875	2.48628870380977	116.38785	119.29875	120.912	122.65125	126.18215	4142.84410770786
superscaffold11.261.1	110.194122083333	1.85971029704271	106.53765	108.9245	110.203	111.45625	113.844275	4525.73069614491
superscaffold11.260.1	93.7015816666667	1.70279438489501	90.391925	92.522	93.6605	94.84875	97.0962	4438.8163877102
superscaffold11.259.1	103.495023333333	2.09606504153443	99.462475	102.10275	103.4475	104.88675	107.677175	4471.17657146655
superscaffold11.258.1	111.014292916667	2.47532534729167	106.42295	109.319	110.9345	112.61325	116.05815	4203.63318071701
superscaffold11.257.1	168.942967916667	3.47740561760514	162.2458	166.606	168.8685	171.18125	175.9093	4288.60484466387
superscaffold11.256.1	168.26013875	3.84297716271365	160.93175	165.61	168.235	170.8545	175.788325	3439.13193200647
superscaffold11.255.1	150.745112291667	2.82411302052032	145.45495	148.785	150.706	152.6245	156.409175	4800
superscaffold11.254.1	149.041200833333	3.19296731938266	142.946825	146.9115	148.999	151.145	155.5141	3643.02830068449
superscaffold11.253.1	146.119293125	2.8367220911936	140.511975	144.218	146.1095	147.93725	151.8251	4530.00600089321
superscaffold11.252.1	146.603377291667	2.29404637497149	142.090975	145.069	146.6085	148.12525	151.189125	4328.00081445097
superscaffold11.251.1	137.273843125	2.10421854064143	133.24385	135.81875	137.258	138.70925	141.405075	4541.98033329128
superscaffold11.250.1	134.206859166667	3.23501966425711	128.107925	131.93875	134.105	136.3915	140.7905	3855.58437333766
superscaffold11.249.1	167.503525833333	3.06688492359414	161.6457	165.44275	167.4245	169.5465	173.565125	4800.00000000002
superscaffold11.248.1	174.671346458333	3.54068284574265	167.956725	172.278	174.6645	176.97425	181.6382	4800.00000000001
superscaffold11.247.1	169.3119075	3.3509628683744	162.97975	166.9785	169.3045	171.43275	176.098275	4800
superscaffold11.246.1	144.214650208333	2.42622924566309	139.6828	142.59825	144.1875	145.81025	149.088025	4258.03821292969
superscaffold11.245.1	143.046820208333	2.89242325518064	137.48495	141.01725	143.0555	145	148.66615	4388.47102568371
superscaffold11.244.1	250.464050625	5.94441052045137	239.326975	246.385	250.2135	254.38725	262.725475	4075.96018862932
superscaffold11.243.1	180.809130416667	3.18515491140046	174.677675	178.69775	180.761	182.89125	187.2337	4574.14220647399
superscaffold11.242.1	179.445900208333	3.5716387460372	172.543975	176.94375	179.3925	181.82475	186.816175	4600.20798252082
superscaffold11.241.1	189.514748333333	3.21219880290796	183.2509	187.375	189.499	191.6545	195.71655	4799.99999999999
superscaffold11.240.1	154.620365416667	2.77315281281907	149.28735	152.77075	154.5765	156.46325	160.141025	3971.38311623313
superscaffold11.239.1	185.1141875	3.87121749017956	177.743475	182.501	184.969	187.671	193.043	4042.66767686949
superscaffold11.238.1	175.946969375	4.35689870260379	167.943775	172.97975	175.691	178.7475	185.2091	4399.70984456668
superscaffold11.237.1	183.38209	4.15665442210602	175.4269	180.5145	183.2035	186.215	191.52125	4414.51064117515
superscaffold11.236.1	137.452355833333	2.91619027149637	131.918	135.4765	137.399	139.36825	143.21805	4580.46555463561
superscaffold11.235.1	159.33246	4.070126952149	151.7487	156.477	159.256	161.956	167.655375	2274.6677186386
superscaffold11.234.1	168.955361041667	3.63901705273395	161.82885	166.49025	168.9095	171.341	176.176325	4800.00000000001
superscaffold11.233.1	140.964978541667	3.90633625386686	133.838625	138.23475	140.8535	143.47925	148.978975	4936.72327768062
superscaffold11.232.1	150.230128125	2.93165791654735	144.690925	148.2055	150.167	152.147	156.158	3880.77121100277
superscaffold11.231.1	228.824187083333	5.46219096418218	218.53955	225.05875	228.735	232.38425	239.851125	3443.28687108503
superscaffold11.230.1	234.394271666667	6.04876933568279	222.952725	230.31925	234.136	238.46425	246.660275	3225.05456774906
superscaffold11.229.1	209.873676458333	5.76640502204034	199.128	205.96675	209.5885	213.43525	222.0818	3868.25411604711
superscaffold11.228.1	158.6808825	3.52731741441803	151.86375	156.34075	158.643	161.0615	165.545425	4800
superscaffold11.227.1	119.580161875	2.2121457562959	115.339	118.082	119.531	121.06925	123.969125	4598.67255914897
superscaffold11.226.1	149.907325625	3.34982784901783	143.59865	147.60425	149.8675	152.12325	156.797125	4575.56084821954
superscaffold11.225.1	128.008747708333	2.39596025961063	123.36585	126.3595	127.9655	129.58925	132.876	4160.30740571919
superscaffold11.224.1	95.9053329166667	1.78183694486998	92.588675	94.689	95.866	97.097	99.565025	4334.16063765178
superscaffold11.223.1	148.185908333333	2.94213771141196	142.6108	146.15575	148.1755	150.17975	154.06615	4353.39006620898
superscaffold11.222.1	212.775628958333	4.87172783355358	203.7297	209.48575	212.6855	215.9415	222.6187	4269.45306209264
superscaffold11.221.1	243.622371875	6.20477886592225	231.409825	239.562	243.607	247.69025	255.82315	3534.09370041924
superscaffold11.220.1	223.825973333333	5.78492917830073	212.617375	219.90975	223.705	227.61425	235.304625	4161.81424251664
superscaffold11.219.1	265.01684375	7.50180664439882	250.8629	259.983	264.7585	269.90475	280.472225	2352.50924737745
superscaffold11.218.1	289.978938958333	8.74165824355284	273.30755	284.01375	289.668	295.6865	308.2175	4205.43304819732
superscaffold11.217.1	185.087328541667	4.01226862895858	177.424725	182.35175	185.061	187.72425	193.153575	4201.28637508018
superscaffold11.216.1	215.673527291667	6.59765350178497	203.1639	211.1605	215.5295	219.802	229.220775	4799.99999999999
superscaffold11.215.1	227.537985833333	6.36059087587596	215.923575	223.12175	227.3585	231.641	240.623425	3870.21690854358
superscaffold11.214.1	163.30593875	5.74857967998635	153.5519	159.27625	162.8485	166.85425	175.711125	4477.91571602363
superscaffold11.213.1	217.445057291667	6.25718433191347	205.81775	213.16725	217.236	221.47125	230.346375	3084.6524032133
superscaffold11.212.1	240.495703958333	5.75151327882717	229.4154	236.65875	240.3625	244.21225	252.097475	3554.66819042185
superscaffold11.211.1	258.21289	6.80308745562828	245.332525	253.58375	258.167	262.67175	272.066525	4436.07324899442
superscaffold11.210.1	255.706798541667	5.73401192761548	244.619925	251.806	255.6095	259.59175	267.2113	4579.60262400219
superscaffold11.209.1	176.409960208333	3.74804910012798	169.113925	173.851	176.345	178.90375	183.834	4800.00000000001
superscaffold11.208.1	240.570256041667	5.22119125648188	230.56175	237.142	240.459	243.87525	251.36165	4378.16120446365
superscaffold11.207.1	179.727726041667	4.11290532711201	172.080825	176.9375	179.611	182.416	188.1111	4595.79342243211
superscaffold11.206.1	158.441555833333	3.85235238057813	151.090625	155.80775	158.4005	161.02625	166.2208	3571.75282532741
superscaffold11.205.1	219.618415208333	5.76482152742558	208.96285	215.6145	219.322	223.328	231.471125	4262.44811497613
superscaffold11.204.1	210.238146666667	4.54500541677769	201.4987	207.13575	210.0855	213.28775	219.263825	4599.77745359145
superscaffold11.203.1	179.982160416667	3.83457463843604	172.826775	177.42875	179.8565	182.517	187.77915	4581.0135235243
superscaffold11.202.1	208.510032916667	4.29373584539902	200.375975	205.61175	208.4395	211.45125	217.064075	4799.99999999999
superscaffold11.201.1	210.758796041667	4.51014682349917	202.117675	207.6005	210.756	213.84175	219.6771	4967.25857954396
superscaffold11.200.1	165.354921041667	3.61256663954683	158.408825	162.91925	165.291	167.71625	172.67325	4604.39358702297
superscaffold11.199.1	144.941705416667	4.2066794133741	136.752775	142.12125	144.9695	147.8	152.99645	4006.16003179895
superscaffold11.198.1	179.560636041667	4.35462056588166	171.4219	176.55975	179.544	182.444	188.317375	4377.2732610394
superscaffold11.197.1	197.472543125	7.81289321036321	184.314625	191.71425	196.7135	202.78525	213.75715	1978.85540085104
superscaffold11.196.1	273.812079583333	6.54956642782545	261.188875	269.386	273.597	278.1055	287.045475	4800.00000000001
superscaffold11.195.1	205.480752083333	4.82901527193251	196.2757	202.19775	205.4605	208.73625	214.827175	4799.99999999998
superscaffold11.194.1	186.995682291667	4.8289426567762	177.525225	183.80475	187.008	190.236	196.574175	4036.38198061484
superscaffold11.193.1	157.332841458333	4.28916175554042	149.6288	154.307	157.1925	160.00025	166.49075	4107.46188302312
superscaffold11.192.1	192.748857083333	5.42771134772815	182.2999	189.11175	192.56	196.277	203.675225	4031.1976623701
superscaffold11.191.1	178.518519375	4.21952758056716	170.34275	175.68975	178.446	181.3515	186.84655	3868.65673216924
superscaffold11.190.1	198.958868958333	4.54769238164105	190.454675	195.859	198.8525	201.8345	208.2827	4800.00000000001
superscaffold11.189.1	209.324695625	4.73514346280205	200.287975	206.09675	209.2525	212.41325	218.790075	3883.47931022874
superscaffold11.188.1	198.855156041667	4.7974144034635	189.36685	195.6175	198.821	201.9895	208.563025	4477.44649348903
superscaffold11.187.1	121.528674375	2.83521044325879	116.036625	119.61175	121.478	123.39725	127.24245	4450.29424103227
superscaffold11.186.1	211.62959	5.95669556597143	200.27695	207.66375	211.43	215.5165	223.59815	3405.48885575384
superscaffold11.185.1	254.52636125	6.67127704583573	241.843625	249.83275	254.4165	259.0435	267.722175	4329.08370876826
superscaffold11.184.1	233.888236875	6.88548165295504	221.4049	229.191	233.586	238.1005	248.4715	4800
superscaffold11.183.1	157.365848958333	3.99039196527973	149.862875	154.689	157.2335	159.862	165.725175	4005.89158438083
superscaffold11.182.1	214.613694166667	5.71521606229217	203.967675	210.72325	214.472	218.42625	225.870175	4508.39648444643
superscaffold11.181.1	184.85608875	4.21470883337802	177.04925	182.00975	184.748	187.5745	193.537075	4600.76475502487
superscaffold11.180.1	252.705229166667	6.94144209360009	239.33055	247.86975	252.5205	257.18025	266.839475	4799.99999999998
superscaffold11.179.1	329.334138541667	7.97866680262145	314.207	323.9095	329.275	334.83125	345.503075	4799.99999999999
superscaffold11.178.1	223.9314675	6.08353780547622	212.487925	219.7615	223.8625	227.74625	236.3562	4592.6047941687
superscaffold11.177.1	206.5896675	5.3547697335769	196.688975	202.97175	206.38	209.99925	217.63525	4095.29193533309
superscaffold11.176.1	280.432527083333	7.32322305085466	266.515525	275.4845	280.207	285.278	294.902175	5674.93300758971
superscaffold11.175.1	185.760099375	5.0690268462161	176.339375	182.236	185.5625	189.07925	196.40545	4799.99999999999
superscaffold11.174.1	126.57694	2.84581893991573	121.136	124.62775	126.548	128.48875	132.25065	4510.77538990297
superscaffold11.173.1	127.394339791667	2.52994619304358	122.581475	125.70075	127.3235	129.045	132.49955	4800.00000000001
superscaffold11.172.1	198.038122916667	8.16173124547833	182.874875	192.3065	197.701	203.407	214.789125	4800.00000000001
superscaffold11.171.1	139.86544375	2.51890515088615	134.978	138.164	139.8555	141.5435	144.75	4424.97950428048
superscaffold11.170.1	146.198822708333	2.75512891151227	141.016	144.3705	146.121	148.02725	151.88605	4595.11565343263
superscaffold11.169.1	112.355936875	2.35529618554983	107.838875	110.743	112.3195	113.9765	116.9493	4574.89064351599
superscaffold11.168.1	163.43407875	3.56777200461849	156.49965	161.0215	163.3545	165.7475	170.549325	4577.64516446796
superscaffold11.167.1	174.005787708333	3.8226659121218	166.76805	171.4135	173.8865	176.47325	181.83725	4087.56265478618
superscaffold11.166.1	145.759946666667	3.19682800254228	139.632225	143.569	145.675	147.88125	152.281	4800
superscaffold11.165.1	135.927246458333	3.1197585410304	130.09335	133.79625	135.8225	137.99925	142.342225	4189.90639978212
superscaffold11.164.1	172.945786875	5.44486488879335	162.69915	169.25375	172.6735	176.395	184.010325	4800
superscaffold11.163.1	203.044795	6.06608030047156	191.865375	198.857	202.801	207.001	215.474425	4577.86603223134
superscaffold11.162.1	233.809501666667	5.67192336999948	223.1935	229.90475	233.6775	237.519	245.44705	4150.23425539914
superscaffold11.161.1	176.619531041667	3.7361170428538	169.4658	174.09075	176.591	179.13025	184.048475	3873.52503313819
superscaffold11.160.1	199.180278541667	4.8022244390003	190.06625	195.8935	199.1465	202.3305	208.91215	3714.35712733517
superscaffold11.159.1	171.608842291667	3.98884414866578	163.8508	168.9155	171.5265	174.243	179.65	3894.36529846679
superscaffold11.158.1	132.154181041667	3.3605274972445	126.108	129.87475	132.0175	134.18425	139.32725	4270.89703127525
superscaffold11.157.1	102.620160416667	2.47639170940544	97.876475	100.93225	102.564	104.23925	107.66645	3714.58263262072
superscaffold11.156.1	93.244248125	2.62641322576673	88.37595	91.4275	93.1625	94.93025	98.6721	3014.81609998546
superscaffold11.155.1	149.184075208333	3.40534153361825	142.724875	146.86875	149.0765	151.334	156.303075	4352.51221232059
superscaffold11.154.1	156.873779375	3.39496561178164	150.41165	154.55375	156.851	159.1555	163.686	4799.99999999999
superscaffold11.153.1	135.027728958333	3.09423263326182	129.212875	132.899	134.922	137.053	141.348075	4799.99999999999
superscaffold11.152.1	93.1789854166667	2.56307954120111	88.45895	91.38775	93.064	94.801	98.476325	3157.86870051175
superscaffold11.151.1	79.7020070833333	1.67336861713431	76.530775	78.556	79.707	80.83075	83.026325	3822.76986428513
superscaffold11.150.1	145.959055625	4.46105587192372	138.21665	142.853	145.666	148.579	155.77015	4800.00000000001
superscaffold11.149.1	125.284762916667	2.4263037370841	120.573825	123.60125	125.262	126.94625	130.1602	4186.7797531957
superscaffold11.148.1	135.527743125	2.77256493230911	130.13695	133.7155	135.4475	137.37425	141.18305	4272.17571156312
superscaffold11.147.1	150.266951875	3.09347697737017	144.289925	148.1415	150.197	152.29925	156.533175	4800.00000000001
superscaffold11.146.1	105.237715416667	2.05905283149306	101.371825	103.8125	105.2065	106.613	109.343525	4549.60534043896
superscaffold11.145.1	153.008052291667	3.48515795803753	146.405875	150.64075	152.915	155.35525	159.876075	3319.83113573426
superscaffold11.144.1	153.726864375	3.56433442503066	146.866825	151.249	153.662	156.08925	160.968075	4800
superscaffold11.143.1	194.249537291667	4.35156941850985	185.7456	191.28025	194.244	197.08225	203.0081	4286.46249223647
superscaffold11.142.1	148.056976875	6.0499844979288	139.3219	143.9265	146.826	150.82425	163.609025	1508.46775507308
superscaffold11.141.1	110.496360625	2.06556617351309	106.46785	109.07675	110.491	111.87925	114.515175	4800
superscaffold11.140.1	75.5830995833333	1.67944493122456	72.3667	74.436	75.5595	76.71725	78.870125	4287.98536223656
superscaffold11.139.1	110.617794791667	2.56834652049066	105.4547	108.97725	110.6545	112.34275	115.48325	4334.85061710073
superscaffold11.138.1	122.559854166667	2.4123405826864	117.988	120.92475	122.497	124.18325	127.378025	4800.00000000001
superscaffold11.137.1	91.146333125	1.91169141939889	87.559825	89.858	91.0835	92.40325	95.01695	4129.23133334198
superscaffold11.136.1	99.4329745833333	2.21331614519828	95.086725	97.9175	99.439	100.8985	103.912075	4379.04141479629
superscaffold11.135.1	120.916637708333	2.65916691746329	115.793575	119.113	120.9225	122.625	126.238025	4510.80327478289
superscaffold11.134.1	108.944629375	2.75683120523487	103.77295	107.0725	108.846	110.746	114.67955	4800
superscaffold11.133.1	86.7013589583333	1.8318918048302	83.18765	85.4345	86.663	87.88925	90.416075	4219.60355514422
superscaffold11.132.1	65.6734722916667	2.3471743952373	61.910925	63.9805	65.377	67.0865	70.9123	2098.96529022404
superscaffold11.131.1	61.7525760416667	1.53553450957604	58.800975	60.724	61.73	62.759	64.818325	4531.43198836987
superscaffold11.130.1	104.501279166667	3.89538392710569	97.429	101.74075	104.3035	107.02175	112.673125	4242.03730345521
superscaffold11.129.1	115.088145625	3.31188382658096	108.603	112.9115	115.1535	117.25725	121.51605	4800
superscaffold11.128.1	106.836405	2.45820747211662	102.17165	105.136	106.726	108.44625	111.736125	4600.09861401338
superscaffold11.127.1	135.46047	2.92510087528371	129.8897	133.458	135.4085	137.32375	141.650025	4326.44425023335
superscaffold11.126.1	158.827567708333	4.69470429363411	150.4246	155.49475	158.59	161.74925	168.807625	4392.08364589844
superscaffold11.125.1	120.841691041667	3.26836084303658	114.641825	118.61075	120.7005	123.036	127.30535	4800.00000000002
superscaffold11.124.1	86.611406875	2.77114112504172	81.51465	84.66925	86.5095	88.3875	92.19135	4356.26797771194
superscaffold11.123.1	55.8227483333333	1.33408157122117	53.28895	54.93575	55.782	56.71	58.446275	2462.67801493728
superscaffold11.122.1	76.1149175	1.56176271112269	73.1638	75.04175	76.092	77.163	79.2181	3938.52783211392
superscaffold11.121.1	121.62558375	3.06805698209992	116.20475	119.62625	121.388	123.4065	128.48325	3085.40836838419
superscaffold11.120.1	67.312395	1.61539774868338	64.378925	66.20175	67.26	68.327	70.490175	4193.50355653785
superscaffold11.119.1	56.81710625	1.44930994205868	54.063925	55.816	56.773	57.79525	59.64015	3878.48693448657
superscaffold11.118.1	86.4539997916667	2.82624478823796	81.324	84.36275	86.411	88.3825	92.046575	3706.57925857984
superscaffold11.117.1	102.515047291667	3.00668699204141	97.0084	100.376	102.4155	104.58125	108.512125	4953.57074309296
superscaffold11.116.1	82.3361814583333	2.02119157864176	78.4386	80.97825	82.2995	83.6925	86.399175	4408.69504930037
superscaffold11.115.1	71.7885139583333	1.57299365119053	68.754825	70.7275	71.739	72.857	74.864125	2672.02635232371
superscaffold11.114.1	76.6933116666667	1.68168715106169	73.52495	75.5695	76.6355	77.793	80.117075	3531.60784822042
superscaffold11.113.1	79.2288835416667	1.47881528769336	76.4	78.20075	79.176	80.20525	82.25645	4406.40257561538
superscaffold11.112.1	69.1793460416667	1.95849443656573	65.49595	67.83275	69.122	70.46325	73.188625	1769.46694176254
superscaffold11.111.1	55.768938125	2.60262978056162	51.02075	53.946	55.6395	57.50525	61.05925	4581.60231505195
superscaffold11.110.1	61.7054539583333	1.28255127005911	59.25795	60.83775	61.681	62.565	64.28105	3618.21327821925
superscaffold11.109.1	60.8541270833333	1.37681129197542	58.258975	59.904	60.8355	61.755	63.6981	4220.17704242329
superscaffold11.108.1	75.8040102083333	1.84506553256016	72.327	74.5375	75.7	77.03425	79.513375	4598.93916137291
superscaffold11.107.1	66.5276977083333	1.58006667271412	63.541	65.45525	66.486	67.58375	69.675025	3763.93144703412
superscaffold11.106.1	83.242080625	2.53330653674728	78.6628	81.49275	83.0825	84.896	88.456525	4146.6035605595
superscaffold11.105.1	65.9025808333333	1.67171821678781	62.786675	64.75875	65.848	66.995	69.3051	141.064079606622
superscaffold11.104.1	77.5185297916667	1.55597808933496	74.58495	76.44375	77.467	78.5415	80.70935	1538.30776878951
superscaffold11.103.1	89.86302375	1.78401823972202	86.4478	88.6455	89.868	91.058	93.450175	4800
superscaffold11.102.1	86.4435622916667	1.81914472399931	83.014975	85.204	86.3925	87.67025	90.145175	3841.22024999057
superscaffold11.101.1	75.9094429166667	1.63274417864476	72.73695	74.78575	75.87	76.9905	79.3041	4800.00000000001
superscaffold11.100.1	76.9223654166667	1.69688872059457	73.6799	75.7625	76.8845	78.065	80.334025	2666.58273135822
superscaffold11.99.1	124.868786666667	2.67317822635718	119.74395	123.09875	124.814	126.6765	130.192175	4800.00000000001
superscaffold11.98.1	131.547025625	2.81125835115719	126.1529	129.62775	131.4585	133.401	137.22705	4353.61473516142
superscaffold11.97.1	127.266533125	3.23867011933123	121.31785	125.001	127.161	129.34575	133.88905	4686.32885628864
superscaffold11.96.1	92.4975372916667	1.90391155872523	88.940975	91.1715	92.452	93.72225	96.5372	2524.05627695079
superscaffold11.95.1	111.091696666667	2.12556386372365	107.099	109.62275	110.999	112.51425	115.381025	4343.78969516608
superscaffold11.94.1	97.2112558333333	1.85854472876549	93.696775	95.943	97.1705	98.4025	101.022275	4573.2962312112
superscaffold11.93.1	101.593614375	1.99745851728601	97.842525	100.207	101.59	102.89725	105.62225	4365.88742289371
superscaffold11.92.1	145.610404791667	2.65358825496709	140.58895	143.76975	145.596	147.40825	150.95805	4382.26881768625
superscaffold11.91.1	159.983228541667	3.66848214108793	153.01685	157.49525	159.875	162.394	167.559175	4799.99999999999
superscaffold11.90.1	113.247436875	2.48955016514438	108.599825	111.56725	113.1545	114.874	118.3941	3921.94309058955
superscaffold11.89.1	143.749265208333	2.77727184354999	138.490775	141.8815	143.7025	145.606	149.2173	4800
superscaffold11.88.1	93.6961654166667	2.04589759374417	89.794875	92.3135	93.603	95.05325	97.92615	4031.10241850788
superscaffold11.87.1	74.20103	1.47356403368962	71.4646	73.191	74.191	75.17225	77.18705	4506.33248550152
superscaffold11.86.1	65.9689733333333	1.85441378737558	62.634775	64.72275	65.8505	67.10225	69.9661	2899.05307090809
superscaffold11.85.1	66.8648285416667	1.42792760182997	64.086775	65.89575	66.832	67.83	69.782025	316.448868213113
superscaffold11.84.1	79.3418508333333	1.51320889794706	76.517	78.284	79.321	80.358	82.377375	3878.05925854521
superscaffold11.83.1	70.537926875	1.77873203205817	67.355725	69.31475	70.467	71.69675	74.23155	4220.90476507376
superscaffold11.82.1	73.1272495833333	1.59336009318003	70.19295	72.015	73.075	74.1615	76.31345	3795.32877382654
superscaffold11.81.1	78.8230016666667	1.54330921475838	75.781975	77.77275	78.802	79.8315	81.894375	3600.4599610915
superscaffold11.80.1	40.6005102083333	1.73022579949946	37.596975	39.353	40.564	41.708	44.17015	1441.66640314503
superscaffold11.79.1	33.0507552083333	0.683786132324487	31.8499	32.58175	33.006	33.462	34.506	3209.16950482173
superscaffold11.78.1	36.3503929166667	0.796802537129174	34.7758	35.81475	36.363	36.906	37.8591	1009.91594887151
superscaffold11.77.1	51.2159108333333	0.885855019053091	49.523875	50.61375	51.216	51.803	52.974	1645.63092171386
superscaffold11.76.1	81.6128127083333	1.43953452244308	78.85795	80.628	81.588	82.576	84.417225	3915.66416596111
superscaffold11.75.1	68.4653439583333	1.40072132811424	65.815	67.52075	68.419	69.39	71.284025	4524.40860930664
superscaffold11.74.1	60.6773685416667	1.86474238509039	57.364875	59.396	60.5315	61.88	64.650025	4311.45250919266
superscaffold11.73.1	104.247246041667	2.32578444381782	99.937775	102.619	104.2305	105.79025	109.080275	4800.00000000001
superscaffold11.72.1	96.399813125	1.82525772090779	92.913975	95.155	96.382	97.61425	100.02105	3937.51290444475
superscaffold11.71.1	90.7845920833333	1.69733161081202	87.52065	89.64325	90.718	91.8885	94.222075	4221.1985401715
superscaffold11.70.1	88.1709710416667	1.6151662674375	85.049925	87.09	88.129	89.2345	91.365775	4542.15321630918
superscaffold11.69.1	104.439756458333	1.976700069743	100.62835	103.152	104.4435	105.7275	108.442325	3518.67067585359
superscaffold11.68.1	84.6572402083333	1.57278314149697	81.571	83.592	84.6525	85.70425	87.728675	4220.41623027055
superscaffold11.67.1	65.4424710416667	1.20667076550102	63.227975	64.60375	65.416	66.231	67.90405	4053.48843485869
superscaffold11.66.1	62.444315	1.20189891826865	60.173925	61.621	62.432	63.241	64.8411	3472.2089841326
superscaffold11.65.1	69.2302133333333	1.30690515058631	66.726	68.34375	69.2015	70.114	71.825125	3735.44436800023
superscaffold11.64.1	66.3804695833333	1.36237729015007	63.69785	65.46475	66.351	67.3005	69.02705	1070.72392917824
superscaffold11.63.1	70.7729114583333	1.55118230942339	67.71975	69.716	70.755	71.83125	73.85	2016.52615416652
superscaffold11.62.1	76.441608125	1.4952572794377	73.560675	75.39475	76.4275	77.459	79.396075	3403.07925914242
superscaffold11.61.1	83.237014375	1.57101858806451	80.262925	82.161	83.1865	84.2675	86.4321	3361.76815849877
superscaffold11.60.1	71.9178179166667	1.45287614478082	69.15385	70.91775	71.9085	72.875	74.839075	4024.26995107711
superscaffold11.59.1	75.6455485416667	1.62907019418462	72.594975	74.515	75.6195	76.729	78.9583	4573.33123928333
superscaffold11.58.1	74.9421816666667	1.73857888219303	71.645875	73.753	74.9	76.079	78.49515	4137.52256134264
superscaffold11.57.1	88.73200625	1.86914550913573	85.14595	87.48275	88.6845	90.002	92.3743	4604.00317389717
superscaffold11.56.1	65.8976814583333	1.33400044002396	63.400925	64.97975	65.893	66.798	68.605075	3845.87401408407
superscaffold11.55.1	72.0294633333333	2.4395194954179	67.701	70.289	71.848	73.549	77.2701	3763.20785407622
superscaffold11.54.1	78.6720975	1.59374014140796	75.61595	77.59725	78.628	79.71925	81.8293	3471.97430220782
superscaffold11.53.1	71.5201533333333	1.19754460305095	69.282	70.686	71.507	72.336	73.89505	2930.67753263393
superscaffold11.52.1	63.9772433333333	1.15784935412902	61.757975	63.188	63.973	64.75525	66.323075	2678.00931564988
superscaffold11.51.1	72.6654872916667	1.49342834706009	69.81895	71.648	72.6245	73.66125	75.6241	4058.1739168224
superscaffold11.50.1	63.9954179166667	1.22161368225664	61.674	63.168	63.9895	64.797	66.437225	3985.69343412684
superscaffold11.49.1	78.44090625	1.41528245798677	75.768975	77.46875	78.3965	79.343	81.299025	4266.00031454243
superscaffold11.48.1	77.4141172916667	1.89501505661507	73.896975	76.10225	77.358	78.68625	81.2481	1580.9897116746
superscaffold11.47.1	59.5907579166667	1.53495274972358	56.6649	58.542	59.531	60.60125	62.684225	326.292504210179
superscaffold11.46.1	49.1161941666667	0.881912187869794	47.451875	48.517	49.095	49.679	50.859175	3187.3631830331
superscaffold11.45.1	44.2479675	0.882735194385587	42.56095	43.63475	44.228	44.827	46.03405	1803.63688928757
superscaffold11.44.1	38.3642225	1.37072149521911	36.12195	37.45575	38.194	39.039	41.83715	1062.479921752
superscaffold11.43.1	38.0104652083333	0.739494991676824	36.639975	37.49275	37.9805	38.49825	39.532325	832.508643847491
superscaffold11.42.1	40.3494652083333	0.938328100245935	38.521925	39.73	40.337	40.95825	42.20305	3844.57047539364
superscaffold11.41.1	53.3634066666667	0.975765012219658	51.369925	52.72175	53.409	54.026	55.183025	153.181830109704
superscaffold11.40.1	63.317258125	1.20168714342012	60.993875	62.523	63.2725	64.08725	65.7792	827.543192213392
superscaffold11.39.1	83.1217814583333	1.50427512536511	80.263875	82.10075	83.089	84.1335	86.10515	4419.81341239539
superscaffold11.38.1	64.48954875	1.29332474198291	61.929875	63.64475	64.4915	65.32825	67.088025	4115.04584337238
superscaffold11.37.1	91.0252685416667	1.80461553696845	87.6028	89.782	90.997	92.204	94.6583	4122.04481527595
superscaffold11.36.1	108.709911875	2.57039259054724	103.77155	106.99225	108.6615	110.41725	114.08425	4799.99999999997
superscaffold11.35.1	109.6595125	2.27986337429897	105.374325	108.132	109.606	111.142	114.326225	4236.37156376656
superscaffold11.34.1	183.48349125	4.95852098647717	174.476825	180.072	183.1195	186.72125	194.13345	3664.86308297109
superscaffold11.33.1	189.513370625	4.29914508396028	181.4355	186.619	189.4485	192.27125	198.260025	4217.22482246778
superscaffold11.32.1	174.4957825	3.83017317807738	167.382825	171.8785	174.3945	177.0255	182.328225	3747.5035568553
superscaffold11.31.1	187.784963541667	4.38266473579921	179.14595	184.811	187.7465	190.6905	196.63145	4800.00000000001
superscaffold11.30.1	198.845858541667	4.55071746642789	190.3386	195.71275	198.7105	201.83025	208.043125	4815.60978179386
superscaffold11.29.1	121.973699791667	2.83505260421759	116.7	120.017	121.953	123.85325	127.704325	4800
superscaffold11.28.1	64.6720352083333	1.43697620121013	61.918	63.677	64.649	65.63525	67.534125	234.758459542432
superscaffold11.27.1	68.3816235416667	1.63698327209515	65.296	67.24925	68.3375	69.436	71.737025	3863.58157771789
superscaffold11.26.1	82.7323695833333	2.30339733137206	78.364975	81.13175	82.669	84.26025	87.378	4126.97187035209
superscaffold11.25.1	130.239385416667	2.97618356315254	124.573725	128.1555	130.2085	132.219	136.138125	4799.99999999997
superscaffold11.24.1	108.076491041667	2.58604768663545	103.167875	106.28875	107.9915	109.76975	113.508	3769.36759387174
superscaffold11.23.1	100.931476875	2.4300318928134	96.305475	99.27525	100.862	102.54575	105.7321	4348.38520150583
superscaffold11.22.1	74.1249525	1.97845644638062	70.367925	72.783	74.0765	75.40525	78.138025	4149.33761366056
superscaffold11.21.1	64.82617875	1.63861932939105	61.78	63.673	64.7875	65.907	68.103625	3171.65964801436
superscaffold11.20.1	164.766058125	3.96939674329553	157.1929	162.08225	164.6575	167.33825	172.9381	4800.00000000002
superscaffold11.19.1	136.42802625	4.72516640011671	128.016825	133.031	136.176	139.45725	146.474075	2614.57018136509
superscaffold11.18.1	168.332296041667	4.08121674928975	160.611575	165.598	168.202	170.93425	176.66135	4028.38844563736
superscaffold11.17.1	118.53376625	2.66747527933322	113.59485	116.71575	118.458	120.23625	123.89265	3864.33503210962
superscaffold11.16.1	78.0296941666667	2.05601491119916	74.06685	76.661	77.992	79.37675	82.18345	4449.95623722393
superscaffold11.15.1	102.341336458333	1.9960056843978	98.53985	100.981	102.2835	103.672	106.301025	4533.88702550396
superscaffold11.14.1	83.9791939583333	1.94409534044316	80.209875	82.68675	83.9655	85.28325	87.84025	4532.63576820637
superscaffold11.13.1	73.696196875	1.87365790416851	70.080775	72.4485	73.6595	74.881	77.606025	4575.50355383653
superscaffold11.12.1	77.9621172916667	1.96702103767386	74.2269	76.64475	77.89	79.215	82.02805	4076.97292700467
superscaffold11.11.1	98.6315835416667	2.2853342717402	94.24385	97.0925	98.5825	100.1525	103.18805	4558.31511963879
superscaffold11.10.1	117.6452	2.93248233756617	112.323	115.53275	117.5065	119.58425	123.687075	4132.97510377703
superscaffold11.9.1	171.174626458333	5.41067743389428	161.16285	167.4165	170.9395	174.62625	182.425225	4497.08683356102
superscaffold11.8.1	127.956551666667	3.24317147443412	122.0409	125.72225	127.8095	129.95175	134.77845	3302.83280667472
superscaffold11.7.1	114.482918125	2.77749860168377	109.3679	112.57375	114.433	116.269	120.304025	4800
superscaffold11.6.1	84.24644875	2.05941354918695	80.40695	82.818	84.231	85.5855	88.52305	4561.46944827667
superscaffold11.5.1	113.9129275	2.63660285963971	108.857	112.09	113.8855	115.69	119.25625	4800.00000000001
superscaffold11.4.1	94.92312375	2.14440296997158	90.7658	93.4795	94.9335	96.304	99.27965	4799.99999999999
superscaffold11.3.1	78.6315364583333	2.13733828143349	74.540975	77.18725	78.6215	80.01575	82.9252	4800
superscaffold11.2.1	120.346465416667	3.28761382714651	114.768975	118.10875	120.0765	122.17725	128.009825	4800
superscaffold11.1.1	139.92875375	3.48762542534435	133.1185	137.60475	139.8285	142.24575	146.887425	4800.00000000001
