scaffold	mean	SD	2.5	25	50	75	97.5	ESS
superscaffold11.283.1	27.0633333333333	1.93048317742633	24	26	27	28	31	3611.68809439144
superscaffold11.282.1	35.4402083333333	3.51429195214554	29	33	35	38	43	1053.28883899195
superscaffold11.281.1	43.3425	3.13637153764845	38	41	43	45	50	1816.54914858986
superscaffold11.280.1	36.4077083333333	2.34283498438282	32	35	36	38	41	4037.51235180309
superscaffold11.279.1	33.5352083333333	2.69425735030145	28	32	33	35	39	2886.14263177288
superscaffold11.278.1	35.750625	3.18788921684667	30	34	36	38	42	1269.39466061089
superscaffold11.277.1	40.5639583333333	3.18317508535407	35	38	40	43	47	1361.55785350461
superscaffold11.276.1	40.0714583333333	2.93304067618952	35	38	40	42	46	1746.49804238962
superscaffold11.275.1	46.338125	3.71231072401655	39	44	46	49	54	980.398716382189
superscaffold11.274.1	34.3997916666667	2.87163012834394	29	32	34	36	40	1223.47059840943
superscaffold11.273.1	31.5720833333333	2.73147243977325	27	30	31	33	37	2928.36500372344
superscaffold11.272.1	34.5354166666667	2.50866301363822	30	33	34	36	40	2338.77817664427
superscaffold11.271.1	35.914375	2.63742156745642	31	34	36	38	41.0249999999996	2583.87322541001
superscaffold11.270.1	32.081875	3.09631536042611	26	30	32	34	38	2012.00629694153
superscaffold11.269.1	33.2785416666667	2.49043135654617	29	32	33	35	38	2397.1619107926
superscaffold11.268.1	36.1541666666667	2.92220150772205	31	34	36	38	42	1808.19296985589
superscaffold11.267.1	39.16875	3.00230211386414	33	37	39	41	45	645.443294290365
superscaffold11.266.1	40.3164583333333	2.86903479531602	35	38	40	42	46	2143.70921319938
superscaffold11.265.1	39.5495833333333	2.98227727389955	34	37	39	41	46	1431.99123610167
superscaffold11.264.1	39.7479166666667	2.71816296637769	35	38	40	41	45	1202.31338061235
superscaffold11.263.1	35.3672916666667	2.87386658458646	30	33	35	37	41	772.80024217546
superscaffold11.262.1	52.9283333333333	2.90300756829621	47	51	53	55	59	1014.83429699584
superscaffold11.261.1	45.8525	2.76922216031917	41	44	46	48	51	1618.14446095322
superscaffold11.260.1	37.9316666666667	2.99250946042564	32	36	38	40	44	1951.76462672066
superscaffold11.259.1	38.0283333333333	2.72792611426823	33	36	38	40	44	1834.60989784767
superscaffold11.258.1	42.0064583333333	3.08944252140656	36	40	42	44	48	840.061821955459
superscaffold11.257.1	50.3114583333333	3.03420006487502	44	48	50	52	56	1116.65762415683
superscaffold11.256.1	46.8735416666667	2.78963938378684	42	45	47	49	53	2215.74884965756
superscaffold11.255.1	39.8016666666667	3.17126563826177	34	38	40	42	46	1350.95877117315
superscaffold11.254.1	42.5014583333333	2.59650131630496	37	41	42	44	48	1254.85862152904
superscaffold11.253.1	35.8110416666667	3.13440050282675	30	34	36	38	42	1517.78162478396
superscaffold11.252.1	36.8989583333333	3.050727431338	31	35	37	39	43	2289.07103326405
superscaffold11.251.1	43.2545833333333	3.01247317281567	38	41	43	45	49	1035.17124181184
superscaffold11.250.1	32.2441666666667	3.18296140639176	26	30	32	34	39	1214.87270140227
superscaffold11.249.1	37.2364583333333	3.27316530679123	31	35	37	39	44	1333.70775610502
superscaffold11.248.1	47.7602083333333	3.28004568347735	42	45	48	50	55	854.313702288613
superscaffold11.247.1	41.3275	3.26183133453097	35	39	41	43	48	1214.74345271503
superscaffold11.246.1	45.9414583333333	3.09179387589948	40	44	46	48	52	1834.75477042789
superscaffold11.245.1	45.6195833333333	3.45673582146769	39	43	46	48	52	733.976251383114
superscaffold11.244.1	35.488125	3.00895804756162	30	33	35	37	42	823.893930127772
superscaffold11.243.1	43.3679166666667	2.85702430257909	38	41	43	45	49	2112.9704835373
superscaffold11.242.1	34.1097916666667	2.6694360234713	29	32	34	36	40	2464.34207303634
superscaffold11.241.1	34.8820833333333	2.16207528277208	31	33	35	36	39	3376.68601111226
superscaffold11.240.1	40.2154166666667	2.89344198048078	35	38	40	42	46	888.496051888388
superscaffold11.239.1	37.5485416666667	2.82823151033847	32	36	37	39	43	1050.58449082201
superscaffold11.238.1	42.5527083333333	3.02227145939251	37	40	42	45	49	1282.26349563483
superscaffold11.237.1	35.044375	3.11485855981882	29	33	35	37	41	1524.25093003698
superscaffold11.236.1	43.3072916666667	3.09378800703587	37	41	43	45	49	740.552012348558
superscaffold11.235.1	35.7441666666667	3.71044707785172	29	33	36	38	43	400.300183002888
superscaffold11.234.1	40.5252083333333	2.96323762156321	35	38	40	43	47	1228.84327325733
superscaffold11.233.1	40.3214583333333	3.18182055373776	34	38	40	42	47	1146.66483055806
superscaffold11.232.1	41.775	3.30321532851915	35	40	42	44	48	753.106365453529
superscaffold11.231.1	36.2139583333333	2.26229892237598	32	35	36	38	41	3426.46333215216
superscaffold11.230.1	36.4258333333333	2.87481380632902	31	34	36	38	42	1849.08044578398
superscaffold11.229.1	36.110625	2.72571426584158	31	34	36	38	42	2328.64655310969
superscaffold11.228.1	44.4779166666667	3.28875847582143	38	42	44	47	51	1217.45304917895
superscaffold11.227.1	42.661875	3.41442654511803	36	40	43	45	49	1329.0433727408
superscaffold11.226.1	44.1885416666667	2.51581245591343	40	42	44	46	50	2580.92775223326
superscaffold11.225.1	45.52875	2.67025134359413	41	44	46	47	51	1278.21846173059
superscaffold11.224.1	45.535	3.55090155517624	39	43	45	48	53	250.684507460998
superscaffold11.223.1	45.0402083333333	2.80190004117397	40	43	45	47	51	2258.6014218756
superscaffold11.222.1	35.8977083333333	2.54022749749759	31	34	36	38	41	3384.83327122646
superscaffold11.221.1	32.555	3.06780633609329	27	30	32	35	39	1506.44784126516
superscaffold11.220.1	33.8964583333333	3.13632535542531	28	32	34	36	40	1935.14006649789
superscaffold11.219.1	38.5302083333333	2.8369462769501	33	37	38	40	45	1395.43513203541
superscaffold11.218.1	31.6947916666667	2.84245893273071	27	30	32	33	38	278.979330771251
superscaffold11.217.1	36.8533333333333	2.34788287704188	33	35	37	38	42	3004.28508303274
superscaffold11.216.1	47.001875	2.74979334406981	42	45	47	49	52	480.255442082081
superscaffold11.215.1	40.4335416666667	2.68754932951104	36	39	40	42	46	736.390524694923
superscaffold11.214.1	33.0845833333333	3.28901190728287	27	31	33	35	40	779.364200340613
superscaffold11.213.1	34.7689583333333	3.27520679280975	29	32	35	37	41	967.910658892598
superscaffold11.212.1	32.861875	2.8583792558375	27	31	33	35	39	2369.08835028649
superscaffold11.211.1	33.8783333333333	2.74554505382163	29	32	34	36	39	1598.68240201512
superscaffold11.210.1	37.8433333333333	2.77247908419143	33	36	38	40	44	2736.58884785712
superscaffold11.209.1	43.0585416666667	2.72595474944723	38	41	43	45	49	1371.08000643015
superscaffold11.208.1	34.415625	2.45890703823292	30	33	34	36	39	2172.16058055513
superscaffold11.207.1	40.2079166666667	3.09906247096284	34	38	40	42	46	1809.24777005171
superscaffold11.206.1	42.731875	3.65186194577138	36	40	43	45	50	1149.93746650982
superscaffold11.205.1	32.5225	3.38959988381656	27	30	32	35	40	1105.03196132049
superscaffold11.204.1	27.7375	2.93242821506471	23	26	28	30	34	1715.0301499634
superscaffold11.203.1	45.49125	2.89143825641578	40	43	45	47	51	2331.2411109112
superscaffold11.202.1	40.91875	3.2306071837316	35	39	41	43	48	1595.13395941895
superscaffold11.201.1	35.2022916666667	2.78337033191744	30	33	35	37	41	1263.47164951524
superscaffold11.200.1	34.9577083333333	2.59017067390463	30	33	35	37	40	1706.36949558012
superscaffold11.199.1	37.7620833333333	3.62868968992058	31	35	38	40	45	124.387004786944
superscaffold11.198.1	34.785625	2.74878624543418	30	33	35	37	41	2619.78182554797
superscaffold11.197.1	45.7166666666667	3.07063020935678	40	44	46	48	52	1285.66161956482
superscaffold11.196.1	38.7422916666667	2.75286945302428	33	37	39	41	44	1672.04848604823
superscaffold11.195.1	39.3397916666667	2.70886421990489	34	38	39	41	45	1817.3281030503
superscaffold11.194.1	35.7660416666667	2.99976608074856	30	34	36	38	42	2006.83119014685
superscaffold11.193.1	39.0045833333333	2.85547912382542	34	37	39	41	45	1330.76981441242
superscaffold11.192.1	32.2227083333333	3.09800078008988	27	30	32	34	39	1709.36503422122
superscaffold11.191.1	37.6039583333333	3.23575708926853	31	35	38	40	44	1706.62048635914
superscaffold11.190.1	41.3847916666667	3.05244462172792	36	39	41	43	48	1348.1913050976
superscaffold11.189.1	38.0825	2.85859455425016	33	36	38	40	44	1171.06922941853
superscaffold11.188.1	41.4891666666667	2.66170846444755	37	40	41	43	47	2624.63201985841
superscaffold11.187.1	42.2347916666667	3.35924328988772	36	40	42	44	49	889.14532097865
superscaffold11.186.1	30.7995833333333	2.82670263640862	26	29	31	33	37	2037.38618301061
superscaffold11.185.1	33.9575	2.97847140926683	29	32	34	36	40	2532.66552955751
superscaffold11.184.1	38.6525	3.27576647029516	33	36	38	41	46	1808.46865314469
superscaffold11.183.1	32.9397916666667	4.16475652020768	25.975	30	33	36	41.0249999999996	726.017637879814
superscaffold11.182.1	30.6939583333333	2.78893658642762	26	29	30	32	37	2235.19896296492
superscaffold11.181.1	35.2047916666667	3.10085018797113	29.975	33	35	37	41.0249999999996	1650.5714486919
superscaffold11.180.1	30.0827083333333	2.52060336001808	25.975	28	30	32	35	3029.75324379029
superscaffold11.179.1	33.6570833333333	2.81689449502398	28	32	34	36	39	1922.63933748044
superscaffold11.178.1	28.309375	2.38752305361171	24	27	28	30	33	2219.61267653211
superscaffold11.177.1	32.2164583333333	2.89015760825524	27	30	32	34	39	2092.22604607747
superscaffold11.176.1	38.6077083333333	2.94862288367301	33	37	39	41	45	734.556172741638
superscaffold11.175.1	34.9341666666667	2.89315164775384	29	33	35	37	41	2045.60166881956
superscaffold11.174.1	44.240625	2.77371485328068	39	42	44	46	50	1592.94750519283
superscaffold11.173.1	37.4158333333333	2.67220014377491	33	36	37	39	43	2567.65128914257
superscaffold11.172.1	41.6179166666667	2.77184288424242	36	40	42	43	47	1219.3488598297
superscaffold11.171.1	43.9902083333333	2.92093990586365	39	42	44	46	50	1247.88712438508
superscaffold11.170.1	29.785	3.97973926921965	23	27	30	32	38	558.905228951979
superscaffold11.169.1	33.4766666666667	2.92232522472067	28	31	33	35	40	2337.81029247338
superscaffold11.168.1	36.6435416666667	3.7285777584469	29	34	37	39	44	998.07675003227
superscaffold11.167.1	33.7097916666667	3.09058690216042	28	32	34	36	40	935.423592373213
superscaffold11.166.1	41.0889583333333	2.7951903587833	36	39	41	43	47	2871.48605792677
superscaffold11.165.1	44.4322916666667	3.26141046909138	38	42	44	47	51	920.37188009204
superscaffold11.164.1	45.8391666666667	3.00856029043544	40	44	46	48	52	1980.95402392232
superscaffold11.163.1	38.5333333333333	3.23036059314038	32	36	38	41	45	1442.20811558805
superscaffold11.162.1	45.84625	3.12330912788251	40	44	46	48	52	1515.11900114278
superscaffold11.161.1	30.171875	3.09019795915336	25	28	30	32	36.0249999999996	937.802359005835
superscaffold11.160.1	41.3733333333333	2.70864062618397	37	39	41	43	47	2491.06422576924
superscaffold11.159.1	39.1560416666667	2.93089558769346	34	37	39	41	45	1744.73361125592
superscaffold11.158.1	58.2516666666667	3.58546958392493	51	56	58	61	65	610.064430239215
superscaffold11.157.1	42.0683333333333	2.61033205503087	37	40	42	44	47	2027.46273887019
superscaffold11.156.1	52.3604166666667	2.73007678791331	47	51	52	54	58	1022.49789690565
superscaffold11.155.1	41.9254166666667	3.350078425454	36	40	42	44	49	698.491418468232
superscaffold11.154.1	34.99625	2.82562370140433	30	33	35	37	41	3675.64734966667
superscaffold11.153.1	42.6929166666667	2.91618555454064	37	41	43	45	49	678.564378469916
superscaffold11.152.1	39.531875	2.9092376861228	34	38	39	41	46	1707.58274204501
superscaffold11.151.1	44.521875	2.87952523541141	39	43	45	46	50	385.881512065298
superscaffold11.150.1	42.78875	2.95672026544081	37	41	43	45	49	122.206436354207
superscaffold11.149.1	35.5891666666667	3.33944196121894	30	33	35	38	43	557.727961128045
superscaffold11.148.1	41.6222916666667	3.02817961899388	36	40	42	44	48	1387.02323224183
superscaffold11.147.1	44.2789583333333	2.81000337005308	39	42	44	46	50	1937.78361154414
superscaffold11.146.1	47.1439583333333	2.81119145815291	42	45	47	49	53	1406.56695582707
superscaffold11.145.1	42.0516666666667	3.54211957724956	35	40	42	44	49	1324.84735276158
superscaffold11.144.1	29.5360416666667	2.78528583994223	24	28	30	31	35	1998.78752889396
superscaffold11.143.1	31.87625	2.85834533420888	27	30	32	34	38	2419.33399735806
superscaffold11.142.1	37.7260416666667	3.21750087747862	32	35	38	40	44	1543.39780019899
superscaffold11.141.1	45.358125	3.45088429872943	39	43	45	48	53	324.389033578672
superscaffold11.140.1	41.6995833333333	3.45291910976077	35	39	42	44	49	471.166536180625
superscaffold11.139.1	44.3147916666667	2.89502918039489	38	42.75	44	46	50	418.48333242578
superscaffold11.138.1	41.068125	3.12138010804712	35	39	41	43	48	1450.74458313846
superscaffold11.137.1	37.685625	2.86395743018445	33	36	37	40	44	1247.7278035321
superscaffold11.136.1	42.4866666666667	2.67099703964692	38	41	42	44	48	1080.61642877038
superscaffold11.135.1	39.9335416666667	2.81283189948913	35	38	40	42	46	1249.54549576477
superscaffold11.134.1	39.784375	3.0787344102518	34	38	40	42	46	1148.69755412734
superscaffold11.133.1	39.2685416666667	3.24330621006684	33	37	39	41	46	646.369886508936
superscaffold11.132.1	40.931875	3.11850819765299	35	39	41	43	47	181.586174769747
superscaffold11.131.1	28.0889583333333	2.87957269437704	22	26	28	30	34	385.036309088475
superscaffold11.130.1	35.6214583333333	2.9152504350958	30	34	36	38	41	698.703141146731
superscaffold11.129.1	35.3325	2.58255362897069	30	34	35	37	41	2065.93922712925
superscaffold11.128.1	37.3370833333333	3.00997159093892	32	35	37	39	43	1815.63444448352
superscaffold11.127.1	38.015	2.83941683742662	32	36	38	40	44	596.951033041915
superscaffold11.126.1	34.6814583333333	2.86262352008187	29	33	35	37	40	596.769749545268
superscaffold11.125.1	31.5516666666667	3.2366283392107	25	29	32	34	38	770.624457266878
superscaffold11.124.1	31.2489583333333	3.32836836990215	26	29	31	33	39	350.037366444096
superscaffold11.123.1	34.51	3.53465031724218	28	32	34	37	42	364.037535764787
superscaffold11.122.1	40.2825	2.42008896318011	36	39	40	42	45	1812.61110465048
superscaffold11.121.1	38.9883333333333	2.95909976942989	34	37	39	41	45	1105.23894460368
superscaffold11.120.1	32.3095833333333	2.42176864304217	28	31	32	34	37	777.860388057692
superscaffold11.119.1	37.5575	2.06964235132257	34	36	37	39	42	461.026380405866
superscaffold11.118.1	49.478125	2.52809605544475	45	48	49	51	55	985.333008677657
superscaffold11.117.1	45.0854166666667	2.11381602917133	41	44	45	46	49	2684.64856484676
superscaffold11.116.1	41.0660416666667	2.55655207058567	36	39	41	43	46	2389.59483473426
superscaffold11.115.1	50.114375	2.45111437610039	46	48	50	52	55	740.565904967193
superscaffold11.114.1	43.1658333333333	2.58645052762946	38	41	43	45	49	187.224370981476
superscaffold11.113.1	40.9664583333333	3.27115869732761	35	39	41	43	48	703.394928946133
superscaffold11.112.1	35.4535416666667	3.07276618333289	30	33	35	38	42	160.813649202552
superscaffold11.111.1	30.256875	2.24124669137754	26	29	30	32	35	1610.64909582506
superscaffold11.110.1	41.97	2.51777097063142	37	40	42	44	47	757.557899485732
superscaffold11.109.1	33.6475	2.35810352173359	29	32	34	35	39	1950.76976926877
superscaffold11.108.1	40.6191666666667	2.49491404589597	36	39	41	42	46	1389.5014612526
superscaffold11.107.1	43.3991666666667	3.26929799345481	38	41	43	46	50	224.985151149263
superscaffold11.106.1	50.3629166666667	3.33544488409597	44	48	50	53	57	363.008083671686
superscaffold11.105.1	46.9708333333333	2.62903770837745	42	45	47	49	52	128.072924759561
superscaffold11.104.1	36.4402083333333	2.77265394077971	32	34	36	38	42	503.746036003336
superscaffold11.103.1	39.5216666666667	2.64286505687071	35	38	39	41	45	1000.03137923013
superscaffold11.102.1	39.9629166666667	3.31273972123551	34	38	40	42	46	599.35948952651
superscaffold11.101.1	53.8645833333333	3.1580569082013	48	52	54	56	60	301.363864145345
superscaffold11.100.1	47.8795833333333	3.56718621559076	41	45	48	50	55	395.102375034973
superscaffold11.99.1	34.7204166666667	2.87999904373388	29	33	35	37	41	1165.47791878124
superscaffold11.98.1	42.0739583333333	2.55543844319096	37	40	42	44	47	2375.46588591873
superscaffold11.97.1	37.5870833333333	2.78116185358155	33	36	37	39	43	991.479163958902
superscaffold11.96.1	48.220625	3.0864247163496	43	46	48	50	55	864.180495718364
superscaffold11.95.1	46.978125	2.94488877460079	42	45	47	49	53	1301.79423045678
superscaffold11.94.1	37.9141666666667	2.5076933787492	33	36	38	39	43	1581.40105671897
superscaffold11.93.1	35.7322916666667	2.69390716585149	31	34	36	37	41	1221.5324497276
superscaffold11.92.1	38.6333333333333	3.01550714191071	33	37	38	41	45	2249.96179408768
superscaffold11.91.1	49.5241666666667	3.31826409007902	43	47	50	52	56	340.795465020943
superscaffold11.90.1	42.9252083333333	2.62436647478415	38	41	43	45	48	2578.67013144422
superscaffold11.89.1	40.0425	3.8081555040997	33	37	40	43	47	407.510037642606
superscaffold11.88.1	49.48	3.70376491656793	42	47	49.5	52	57	507.460188400079
superscaffold11.87.1	54.0995833333333	2.68163469778382	49	52	54	56	60	1361.37300290556
superscaffold11.86.1	50.6520833333333	2.4044559578312	46	49	51	52	55	1408.23703491296
superscaffold11.85.1	42.6564583333333	2.42480151481746	38.975	41	42	44	48	845.39264787186
superscaffold11.84.1	51.8295833333333	2.92479178652306	47	50	52	54	58	437.522872265892
superscaffold11.83.1	44.2475	3.03950409144327	38	42	44	46	50	535.481912439171
superscaffold11.82.1	45.034375	2.83289286062556	40	43	45	47	51	329.694761429262
superscaffold11.81.1	46.2514583333333	2.95445350936534	41	44	46	48	52	690.78704602444
superscaffold11.80.1	36.3829166666667	2.38929504498183	32	35	36	38	42	312.841019065396
superscaffold11.79.1	39.483125	1.85674898690563	37	38	39	40	44	383.489329573046
superscaffold11.78.1	41.2758333333333	2.91201807586326	36	39	41	43	47	179.426907157205
superscaffold11.77.1	49.079375	3.18358070519353	43	47	49	51	55	202.988140703201
superscaffold11.76.1	43.4964583333333	3.17726411394682	38	41	43	46	50	649.3925268057
superscaffold11.75.1	38.91625	2.46180798222826	35	37	39	40	44	2003.85555107706
superscaffold11.74.1	44.9477083333333	1.90369699827335	42	44	45	46	49	2209.06148643424
superscaffold11.73.1	40.9714583333333	2.63106491012622	36	39	41	43	46	1618.32002270595
superscaffold11.72.1	38.34875	2.65044089637874	34	36	38	40	44	1825.2647529758
superscaffold11.71.1	38.3770833333333	2.96339687154247	33	36	38	40	45	595.034428566257
superscaffold11.70.1	37.3977083333333	2.48595868421715	33	36	37	39	42	1693.53557336549
superscaffold11.69.1	41.0860416666667	2.97945541536253	35.975	39	41	43	47	1224.71630880888
superscaffold11.68.1	47.22625	3.17629177558267	41	45	47	49	54	378.177915335791
superscaffold11.67.1	44.199375	3.39508605482246	38	42	44	47	51	219.159393178335
superscaffold11.66.1	51.880625	3.28162076190463	45	50	52	54	58	204.837449077767
superscaffold11.65.1	43.8766666666667	1.9825760428056	40	43	44	45	48	543.251805439058
superscaffold11.64.1	51.1991666666667	2.60025471473662	47	49	51	53	56	566.835449726793
superscaffold11.63.1	50.654375	2.7470876478382	46	49	51	52	56	1221.46564038244
superscaffold11.62.1	38.4102083333333	3.08054342944983	33	36	38	40	45	894.471299266226
superscaffold11.61.1	53.0570833333333	3.1707127414417	47	51	53	55	59	975.504376814495
superscaffold11.60.1	46.1475	3.24814435619782	40	44	46	48	53	1024.54481890364
superscaffold11.59.1	45.5010416666667	2.31810664525336	41	44	45	47	50	1839.16483303234
superscaffold11.58.1	36.59375	2.76606909855311	31	35	37	38	42	1114.376916835
superscaffold11.57.1	44.8089583333333	2.79134101494874	40	43	45	47	50	1539.51734558183
superscaffold11.56.1	47.28125	3.38894641499524	41	45	47	50	54	561.687341761846
superscaffold11.55.1	55.7858333333333	2.93152514722696	50	54	56	58	62	362.31297215748
superscaffold11.54.1	44.3520833333333	3.23707229490467	39	42	44	46	51	528.657655792751
superscaffold11.53.1	54.1333333333333	3.14545176052677	48	52	54	56	60	271.541954941961
superscaffold11.52.1	51.5027083333333	2.63616333225568	47	50	51	53	57	586.448311753158
superscaffold11.51.1	35.7839583333333	3.22313749212109	30	34	36	38	42	672.08496145919
superscaffold11.50.1	36.670625	3.24206624953408	31	34	37	39	43	325.944557655079
superscaffold11.49.1	53.6564583333333	2.41515755083312	49	52	54	55	59	1549.10034130172
superscaffold11.48.1	35.0958333333333	2.7876097674532	30	33	35	37	41	1738.93662240834
superscaffold11.47.1	46.8177083333333	2.97301522066855	42	45	47	49	53	392.712007186137
superscaffold11.46.1	58.03125	2.34630994286543	54	57	58	60	63	133.353398024218
superscaffold11.45.1	48.3414583333333	1.89577071718639	45	47	48	50	52	629.609249302304
superscaffold11.44.1	44.8025	1.51499898390513	42	44	45	46	48	1506.38477911015
superscaffold11.43.1	47.9585416666667	3.66714573810282	41	45	48	51	55	34.6826462414721
superscaffold11.42.1	41.4441666666667	2.08363555493519	38	40	41	43	46	992.471126023989
superscaffold11.41.1	43.00625	2.97659875249606	37	41	43	45	49	369.866122470559
superscaffold11.40.1	46.23375	3.1230822830094	40	44	46	48	52	142.355145716688
superscaffold11.39.1	45.615	2.91944069750477	40	44	46	48	51	110.170956684105
superscaffold11.38.1	40.76875	2.98315450036999	35	39	41	43	47	469.515800122093
superscaffold11.37.1	45.6595833333333	3.28457720560825	40	43	46	48	53	481.275399883032
superscaffold11.36.1	46.124375	3.08437802728035	40	44	46	48	52	1176.8491471374
superscaffold11.35.1	47.2702083333333	3.16216365374247	41	45	47	49	53	256.869846033292
superscaffold11.34.1	41.7489583333333	3.21736325201379	36	40	42	44	48	1906.87369848416
superscaffold11.33.1	39.340625	3.0474499269901	34	37	39	41	46	1744.50535641635
superscaffold11.32.1	44.9347916666667	3.27621871092488	39	43	45	47	52	828.80066034273
superscaffold11.31.1	41.2635416666667	3.30437016987498	35	39	41	43.25	48	1199.79005825775
superscaffold11.30.1	40.093125	3.36720430494124	34	38	40	42	47	587.925168879296
superscaffold11.29.1	40.284375	2.96260038951102	35	38	40	42	46	890.71519466145
superscaffold11.28.1	42.1745833333333	2.96944568250007	37	40	42	44	48	365.426323274196
superscaffold11.27.1	43.9379166666667	2.64592848008141	39	42	44	46	49	1000.17129372415
superscaffold11.26.1	31.4858333333333	2.95479015934128	26	29	31	33	38	526.363180020345
superscaffold11.25.1	39.1383333333333	3.43341226607655	33	37	39	41	46	285.594179972964
superscaffold11.24.1	43.933125	3.2283882593768	38	42	44	46	50	1469.39204773218
superscaffold11.23.1	32.9625	2.57827047483068	28	31	33	35	38	2182.96920154312
superscaffold11.22.1	36.338125	3.23376329884113	30	34	36	38	43	205.321485096196
superscaffold11.21.1	50.02375	2.54074086407138	45	48	50	52	55	366.740111076099
superscaffold11.20.1	41.4814583333333	3.15800315255998	36	39	41	44	48	600.810408843945
superscaffold11.19.1	43.0860416666667	3.51709618498346	36	41	43	46	50	376.498063075332
superscaffold11.18.1	34.2252083333333	2.77147790302671	29	32	34	36	40	1392.13811762063
superscaffold11.17.1	43.7695833333333	2.74053939804964	39	42	44	46	49	870.123293631127
superscaffold11.16.1	37.69375	3.00745106852442	32	36	38	40	44	997.89822898605
superscaffold11.15.1	45.314375	3.55601759305389	39	43	45	48	53	664.993939741961
superscaffold11.14.1	41.4339583333333	3.17939896604728	36	39	41	44	48	1155.06421586742
superscaffold11.13.1	49.2489583333333	2.7964752764879	44	47	49	51	55	956.627047200962
superscaffold11.12.1	41.4677083333333	2.7009369459216	36	40	41	43	47	301.343963685837
superscaffold11.11.1	44.9152083333333	2.34049352441622	41	43	45	46	50	2065.24502901901
superscaffold11.10.1	47.2752083333333	2.52082180441866	43	46	47	49	53	1324.32161456489
superscaffold11.9.1	34.7658333333333	2.59805803166048	30	33	35	36	40	2785.09136254239
superscaffold11.8.1	38.9735416666667	3.76618241508257	32	36	39	41	47	484.706722391684
superscaffold11.7.1	30.4685416666667	3.3847915557911	24	28	30	33	38	493.901689035979
superscaffold11.6.1	32.75625	2.89918155669617	27.975	31	33	35	39	2164.44187043389
superscaffold11.5.1	46.636875	2.88604409094781	41	45	47	48.25	53	953.897251663761
superscaffold11.4.1	38.33375	2.55929199501199	33	37	38	40	43	850.557913955563
superscaffold11.3.1	32.1054166666667	2.5754163067931	28	30	32	34	38	1147.99622570087
superscaffold11.2.1	39.3085416666667	3.23433760385474	34	37	39	41	46	462.691829198945
superscaffold11.1.1	42.9775	2.95558459672492	38	41	43	45	49	1648.40711730206
