scaffold	mean	SD	2.5	25	50	75	97.5	ESS
superscaffold8.227.1	14.8933052083333	0.64743401830448	13.65295	14.45275	14.869	15.31825	16.199025	4748.97551174365
superscaffold8.226.1	98.65532875	1.98308994537586	94.6669	97.317	98.6655	99.973	102.5182	3608.12068282519
superscaffold8.225.1	81.85018	1.83319913286518	78.3539	80.60575	81.7885	83.04325	85.529125	4126.73941672272
superscaffold8.224.1	87.7575677083333	1.81505349480301	84.356925	86.49475	87.72	88.93075	91.35125	2305.86060464947
superscaffold8.223.1	88.73433625	1.94171047194056	85.034825	87.426	88.684	90.0075	92.656025	4249.46407927289
superscaffold8.222.1	93.4656108333333	2.05882536407881	89.629	92.04075	93.3725	94.8155	97.645325	4407.4597409611
superscaffold8.221.1	94.0980364583333	1.83044962750838	90.668875	92.80775	94.0465	95.374	97.72705	4524.35596495129
superscaffold8.220.1	102.792676875	2.08854537505656	98.827875	101.376	102.7755	104.16325	106.927275	4317.39344994722
superscaffold8.219.1	71.3615070833333	1.48245386952079	68.42785	70.36075	71.354	72.32525	74.29315	4344.83597789008
superscaffold8.218.1	43.3611860416667	0.954794171621009	41.51895	42.7005	43.348	44.0125	45.24615	1575.12414178523
superscaffold8.217.1	97.90676625	2.36891827043064	93.451725	96.306	97.858	99.476	102.71715	4267.25255467383
superscaffold8.216.1	98.7896683333333	1.70784917859689	95.575	97.628	98.755	99.90625	102.26925	3867.34251365744
superscaffold8.215.1	95.11636625	1.71925963170523	91.801775	93.9595	95.094	96.25125	98.5525	4357.34336198519
superscaffold8.214.1	87.5042320833333	2.18279144121004	83.4519	85.989	87.444	88.92	91.859125	4800.00000000001
superscaffold8.213.1	95.2533014583333	3.56198308080911	89.057875	92.7825	95.0065	97.4685	102.908025	4284.40547050977
superscaffold8.212.1	78.5384710416667	1.48737183348024	75.64575	77.563	78.5195	79.51475	81.5314	3939.48646007326
superscaffold8.211.1	108.458828541667	3.25414828830615	102.8139	106.20775	108.192	110.39575	115.581475	4602.10068283813
superscaffold8.210.1	86.21416625	1.61828961526587	83.060975	85.14675	86.195	87.263	89.454225	3530.44515609567
superscaffold8.209.1	124.313610625	3.41087113906848	117.948725	121.938	124.2705	126.513	131.18915	3953.05568945124
superscaffold8.208.1	115.925650416667	2.20082846642169	111.656875	114.41675	115.907	117.428	120.289475	4800.00000000001
superscaffold8.207.1	79.9569189583333	1.48006019469752	77.100925	78.97	79.927	80.95225	82.8883	4280.2024983468
superscaffold8.206.1	88.0327960416667	1.90009426024532	84.418875	86.70875	88.005	89.33925	91.835025	4119.16138040831
superscaffold8.205.1	90.1166516666667	1.77080885776796	86.74285	88.90825	90.0915	91.30525	93.6714	4312.01599396026
superscaffold8.204.1	117.484039166667	2.43648114916039	112.817875	115.83175	117.4485	119.08725	122.520275	3563.1389965201
superscaffold8.203.1	90.0095845833333	2.14849953048108	85.965825	88.5705	89.941	91.395	94.349075	4800
superscaffold8.202.1	116.564734375	2.58727347319018	111.72195	114.76675	116.4835	118.281	121.716	3991.21455138113
superscaffold8.201.1	111.972581041667	2.42461756730239	107.4067	110.27875	111.9285	113.5675	116.904025	3987.19527057457
superscaffold8.200.1	86.6755675	1.75694883862097	83.358	85.42725	86.67	87.87	90.162025	3775.04450781817
superscaffold8.199.1	81.9122879166667	2.43233202568296	77.376525	80.21325	81.8415	83.53325	86.824075	2180.47165400819
superscaffold8.198.1	67.9402191666667	2.16444256108034	64.087925	66.328	67.835	69.39775	72.345075	4187.44625320262
superscaffold8.197.1	94.3985508333333	2.36205161721397	89.91975	92.77175	94.34	95.96125	99.170275	4426.5475074524
superscaffold8.196.1	160.027363125	3.06506392316859	154.2306	157.969	159.9285	162.01625	166.255375	4800
superscaffold8.195.1	128.652938125	2.64399596362836	123.627875	126.844	128.616	130.40075	133.72615	4451.53121902386
superscaffold8.194.1	148.8177	3.90023784096389	142.055	145.99375	148.5215	151.31975	157.088125	2201.71157102471
superscaffold8.193.1	172.631729166667	4.70335452424866	163.91745	169.41275	172.4445	175.7435	182.401325	4268.56008763704
superscaffold8.192.1	134.856042291667	2.84968326621327	129.27255	132.9545	134.844	136.772	140.5274	4153.71876932234
superscaffold8.191.1	103.1242575	2.24712726389486	98.914725	101.56775	103.0835	104.58975	107.710275	4800
superscaffold8.190.1	119.692035	3.00321471110268	114.121875	117.6215	119.6405	121.731	125.710375	4799.99999999999
superscaffold8.189.1	99.8287908333333	2.66724056088428	94.570925	98.03375	99.8265	101.607	105.039025	4417.04879244165
superscaffold8.188.1	84.7904052083333	1.72026314388199	81.5048	83.664	84.749	85.90725	88.21225	4190.40249714483
superscaffold8.187.1	96.4173114583333	2.18785057369397	92.30195	94.891	96.362	97.886	100.789275	4547.10682530164
superscaffold8.186.1	127.651889791667	2.6104129928157	122.522	125.86075	127.659	129.388	133.0116	4800
superscaffold8.185.1	101.021313333333	2.53236969231247	96.237925	99.2875	100.942	102.7015	106.22015	4359.89445966647
superscaffold8.184.1	82.0079066666667	1.86304432484078	78.4399	80.752	81.994	83.26425	85.6772	764.478549667075
superscaffold8.183.1	68.972584375	2.08121285426175	65.629825	67.6415	68.8255	70.07625	73.238375	3393.20287728559
superscaffold8.182.1	91.8290383333333	1.80972392240859	88.332525	90.5845	91.811	93.039	95.495225	3792.08522117721
superscaffold8.181.1	82.5022647916667	1.94500953513845	78.70985	81.19475	82.4895	83.81625	86.3661	3885.47553082328
superscaffold8.180.1	78.7219420833333	1.55793239244349	75.7668	77.67975	78.695	79.755	81.823025	3688.66358408673
superscaffold8.179.1	78.4712004166667	1.83148201827	74.872775	77.21775	78.4445	79.71625	82.02315	2870.11797208152
superscaffold8.178.1	84.35154	1.66672110204137	81.215775	83.20875	84.346	85.477	87.7081	3822.30723044459
superscaffold8.177.1	93.2923964583333	2.02442696115576	89.4617	91.87125	93.237	94.65775	97.363125	2501.53666016679
superscaffold8.176.1	79.2647804166667	2.25246419105328	75.15285	77.68475	79.1735	80.707	83.8804	3641.0458459576
superscaffold8.175.1	131.536288125	2.99684117243807	125.833975	129.4655	131.488	133.52625	137.61005	4800
superscaffold8.174.1	102.691797916667	2.14971261404394	98.6427	101.1795	102.6835	104.11	106.9921	4545.44254738169
superscaffold8.173.1	80.531216875	2.1736329345211	76.52795	79.0105	80.454	81.95525	85.006325	4562.3731161422
superscaffold8.172.1	112.485313333333	2.39906377588857	107.72695	110.873	112.4815	114.1335	117.232575	4495.8070414601
superscaffold8.171.1	93.3819277083333	1.82639146438727	89.876825	92.14675	93.36	94.563	97.015075	4321.16251427181
superscaffold8.170.1	86.6202154166667	1.73928243828809	83.299925	85.432	86.6105	87.7855	90.085	3816.71823852102
superscaffold8.169.1	140.251679166667	3.48816315481465	133.7159	137.8445	140.134	142.58175	147.27115	4044.73075886896
superscaffold8.168.1	125.195077708333	3.0844249247608	119.3217	123.12325	125.0775	127.14475	131.47115	4799.99999999999
superscaffold8.167.1	118.5994825	2.24152877313355	114.282825	117.04325	118.6015	120.06675	123.11005	4799.99999999999
superscaffold8.166.1	117.542590416667	2.34216322202529	113.14295	115.935	117.558	119.10625	122.173175	4548.65220487284
superscaffold8.165.1	57.583261875	1.3555753277585	55.05	56.627	57.568	58.506	60.313025	3234.10438489718
superscaffold8.164.1	137.8170275	3.34276795547661	131.630775	135.51	137.6625	140.01	144.6602	2905.73351633341
superscaffold8.163.1	129.399790833333	4.06089227177044	121.9157	126.67425	129.121	131.8935	137.95315	4421.5694217128
superscaffold8.162.1	121.399850416667	2.64240856675752	116.2669	119.59275	121.417	123.1515	126.588325	3817.28368885462
superscaffold8.161.1	73.3451847916667	1.71635066035707	70.1449	72.155	73.299	74.48325	76.79	3896.7412927554
superscaffold8.160.1	129.1357775	2.87487906629768	123.5587	127.22975	129.1	131.0055	134.94605	3909.2008015043
superscaffold8.159.1	152.486229166667	3.07089318999446	146.751375	150.37825	152.3975	154.5255	158.679075	4799.99999999999
superscaffold8.158.1	102.914168125	2.04368999606732	99.005825	101.51775	102.8945	104.27025	107.066025	4800
superscaffold8.157.1	97.2043679166667	1.71817367701408	93.808925	96.047	97.207	98.33825	100.522	4174.85862382849
superscaffold8.156.1	112.825503958333	2.14674232406777	108.76565	111.352	112.804	114.233	117.13315	4114.50660486958
superscaffold8.155.1	120.45992	2.53025596706386	115.7429	118.675	120.413	122.13725	125.558125	4380.5129190352
superscaffold8.154.1	89.3882445833333	2.34483119675847	85.061775	87.78875	89.344	90.8835	94.092425	4288.35627562498
superscaffold8.153.1	120.428706041667	2.36439656172766	115.86095	118.85175	120.416	122.0165	125.096075	4506.65946429593
superscaffold8.152.1	150.810505833333	4.36969197126068	142.6837	147.846	150.638	153.53625	160.15675	4321.20480102982
superscaffold8.151.1	109.842658958333	2.50701366171881	105.022725	108.11775	109.7825	111.45525	114.984475	4069.57001914653
superscaffold8.150.1	113.997194791667	1.97303494181296	110.162925	112.632	114.009	115.31275	117.945	4313.66503901868
superscaffold8.149.1	104.0149775	2.04462960468956	100.07785	102.63	103.9645	105.3615	108.236025	4229.11981687842
superscaffold8.148.1	93.5246795833333	1.85174860335267	89.958975	92.2825	93.4995	94.819	97.145	4326.53299477398
superscaffold8.147.1	97.065153125	2.04456978951142	93.202975	95.644	97.0185	98.43025	101.151025	4601.08580591503
superscaffold8.146.1	97.89599875	2.81753964189896	93.00055	95.945	97.723	99.5795	103.9192	3465.93793572268
superscaffold8.145.1	115.2942675	2.28941671644728	111.017925	113.722	115.224	116.797	119.989075	4605.43983303521
superscaffold8.144.1	109.803941458333	2.42269101200372	105.2918	108.16275	109.7255	111.3665	114.710125	4492.1639892475
superscaffold8.143.1	149.693772083333	3.06165812935982	143.82095	147.598	149.689	151.762	155.7181	4369.7455897605
superscaffold8.142.1	143.047887083333	3.48742599547745	136.438	140.65875	142.991	145.3245	150.049075	4800
superscaffold8.141.1	110.913087083333	2.12694583715875	106.871925	109.42975	110.87	112.35925	115.132075	3465.25860217707
superscaffold8.140.1	161.062189791667	3.26621858799682	154.691975	158.883	161.0275	163.25625	167.535925	3898.31579233267
superscaffold8.139.1	120.859088958333	2.61214771973835	115.984825	119.08275	120.7775	122.57925	126.161375	4533.69428363879
superscaffold8.138.1	117.483174166667	2.51948039310059	112.591925	115.74275	117.4435	119.14525	122.492025	4484.75255746101
superscaffold8.137.1	167.808641458333	3.53712312945324	161.26365	165.366	167.723	170.181	174.724025	4421.89381243637
superscaffold8.136.1	88.6257666666667	2.00600803353416	84.833975	87.255	88.589	89.943	92.7002	4168.20564246201
superscaffold8.135.1	102.00975	2.12576526014463	97.926875	100.56375	101.9915	103.44025	106.07715	4102.69811234177
superscaffold8.134.1	146.965631875	2.93306179330315	141.30355	144.90525	146.856	148.90025	152.940425	5351.51369213305
superscaffold8.133.1	148.035154583333	3.55659776486369	141.3091	145.563	147.9725	150.366	155.2943	3652.33212005024
superscaffold8.132.1	178.845224791667	3.46773945981057	172.323825	176.418	178.8255	181.14325	185.76725	4059.67763616082
superscaffold8.131.1	164.372224791667	3.64257810399257	157.355125	161.99475	164.2835	166.78625	171.55785	4019.23648317165
superscaffold8.130.1	153.487026041667	2.85964728573675	148.02895	151.55575	153.3955	155.35275	159.267025	4399.38944536111
superscaffold8.129.1	127.780609166667	2.5482680589347	123.066675	125.984	127.7035	129.34625	132.959525	4439.44587033583
superscaffold8.128.1	96.5072910416667	1.66106654595805	93.322975	95.42175	96.4815	97.58025	99.84415	3303.69961012955
superscaffold8.127.1	85.5560841666667	1.71278281636522	82.29895	84.391	85.5185	86.70225	88.972	1214.06441207771
superscaffold8.126.1	129.274720416667	2.39129487952309	124.617925	127.65575	129.2435	130.8775	133.961025	4431.10767957302
superscaffold8.125.1	118.410983333333	2.22393811249487	114.117325	116.901	118.388	119.88025	122.8182	4244.5128400151
superscaffold8.124.1	109.080023541667	2.65469092057749	104.07285	107.24875	108.9995	110.90025	114.39805	3970.02698924764
superscaffold8.123.1	137.762581875	3.45001510286649	131.2479	135.44325	137.652	140.04425	144.685075	3167.1072293281
superscaffold8.122.1	136.155684791667	3.99994624490057	128.651475	133.41575	136.035	138.76425	144.393075	4799.99999999999
superscaffold8.121.1	137.148647083333	3.59105515289002	130.4707	134.67275	137.028	139.47325	144.434075	3774.22482098017
superscaffold8.120.1	127.953585625	2.95814493757912	122.4719	125.892	127.9045	129.92425	133.9262	4568.41869558792
superscaffold8.119.1	203.561436458333	4.71366950715422	194.39445	200.35075	203.408	206.738	212.833175	4800
superscaffold8.118.1	158.582633958333	4.16845676968971	150.805825	155.6735	158.4005	161.39175	166.867125	4262.47945330246
superscaffold8.117.1	132.777115833333	2.45564015848315	128.217	131.096	132.7215	134.4905	137.689025	4545.15831669746
superscaffold8.116.1	164.36012875	3.45288362820913	157.908875	161.93	164.2265	166.63825	171.350525	1407.02949798254
superscaffold8.115.1	135.807429583333	3.11604769190267	130.18455	133.6515	135.6495	137.69	142.7264	3522.15774351127
superscaffold8.114.1	106.024647916667	4.40841068469655	100.36995	103.27275	105.1455	107.35925	118.40975	1335.83361988742
superscaffold8.113.1	122.176191041667	2.8765586407426	116.825675	120.235	122.0755	124.0735	128.07235	4288.83513505385
superscaffold8.112.1	145.865590833333	4.35505309597047	137.452775	142.86775	145.7715	148.725	154.818	4799.99999999999
superscaffold8.111.1	185.213724166667	4.49862535533737	176.815075	182.06875	185.098	188.1675	194.304675	2666.48286191703
superscaffold8.110.1	159.816230625	3.88883962924032	152.382775	157.211	159.761	162.28475	167.902225	4800
superscaffold8.109.1	133.009226666667	3.46344853545399	126.511875	130.62875	132.9275	135.276	140.126	4799.99999999997
superscaffold8.108.1	144.98154	4.47846624122482	136.8971	141.839	144.7435	147.8515	154.264675	4552.27210872477
superscaffold8.107.1	136.851249791667	3.86492555828135	129.602975	134.18775	136.7485	139.42	144.4843	4799.99999999999
superscaffold8.106.1	172.619919583333	4.08746592882534	164.9447	169.83925	172.486	175.3465	180.914225	4566.64586471909
superscaffold8.105.1	112.027782291667	3.15577170463589	106.17685	109.9045	111.903	114.022	118.52225	4065.33405275382
superscaffold8.104.1	138.041410208333	3.64824328005761	131.05185	135.52475	137.8975	140.438	145.3176	4226.63734367895
superscaffold8.103.1	136.769284166667	4.04264303109863	129.2746	134.004	136.692	139.305	144.96625	3232.79685626341
superscaffold8.102.1	122.542808541667	2.66330488256396	117.5957	120.73075	122.4675	124.306	127.958475	4379.31870516914
superscaffold8.101.1	84.645019375	3.3026066747232	78.97895	82.178	84.4775	86.92125	91.456025	1742.90831913745
superscaffold8.100.1	66.083173125	1.51611149787919	63.1219	65.056	66.051	67.07725	69.14905	2644.85895365535
superscaffold8.99.1	90.7055502083333	2.17222288116273	86.535175	89.24875	90.687	92.139	94.988225	4583.33517710108
superscaffold8.98.1	124.524468125	2.63926393349997	119.49395	122.68675	124.52	126.313	129.920125	4799.99999999998
superscaffold8.97.1	123.743623125	2.72258360954964	118.654975	121.84775	123.6695	125.53925	129.2511	3405.80363479707
superscaffold8.96.1	88.6749945833333	2.49047422583066	83.6398	87.0635	88.668	90.3035	93.447325	4460.56828170769
superscaffold8.95.1	105.19158375	2.31267944135022	100.81895	103.622	105.141	106.69825	109.926225	4372.68678058468
superscaffold8.94.1	115.740267916667	2.45729774259479	111.0508	114.0185	115.6755	117.391	120.710175	3927.10606254688
superscaffold8.93.1	111.058665208333	2.61040096585564	106.059825	109.2725	111.022	112.775	116.3234	4482.81824505017
superscaffold8.92.1	103.569055208333	3.39732526983112	97.425725	101.19875	103.3125	105.699	110.924025	4800.00000000001
superscaffold8.91.1	79.109448125	1.89746361687014	75.361725	77.833	79.098	80.406	82.8222	2404.77230358327
superscaffold8.90.1	162.634465416667	4.99208850870425	154.091625	159.178	162.249	165.692	173.754475	1630.12804543282
superscaffold8.89.1	179.01164875	5.17314465548235	169.8717	175.45525	178.656	182.165	190.086125	2059.61897188423
superscaffold8.88.1	164.242825	5.09858746490832	154.3849	160.707	164.1665	167.653	174.4151	4536.91413238178
superscaffold8.87.1	135.174074166667	2.93400794748102	129.59295	133.1415	135.0815	137.14425	141.045125	4558.77133940605
superscaffold8.86.1	157.730395625	4.44881652460746	149.6697	154.61675	157.453	160.74325	166.92535	4799.99999999999
superscaffold8.85.1	101.800015	2.29166431952638	97.3559	100.261	101.771	103.24775	106.424125	4800
superscaffold8.84.1	123.650907291667	2.62037837266876	118.648775	121.85775	123.5735	125.3605	129.121	4800.00000000001
superscaffold8.83.1	164.931718958333	4.05463975684628	157.3929	162.14275	164.7585	167.65625	173.09615	3898.09687026961
superscaffold8.82.1	191.612342083333	5.39942989149959	181.035925	188.033	191.562	195.174	202.25015	3564.70465220989
superscaffold8.81.1	106.241666458333	5.45374320841473	97.33305	102.6185	105.5335	109.0345	119.1261	4302.77738922544
superscaffold8.80.1	105.741571666667	2.58278789274003	100.70655	104.01325	105.702	107.36	110.942025	4206.17220620052
superscaffold8.79.1	99.2383	2.30231203488589	94.816775	97.65575	99.188	100.73925	103.90025	4425.46343295513
superscaffold8.78.1	124.482257291667	3.63454885068837	117.563975	121.969	124.4355	126.95675	131.798175	4243.07117837025
superscaffold8.77.1	151.665737083333	4.1353197356612	143.80945	148.8835	151.577	154.3535	159.976275	4195.98848805158
superscaffold8.76.1	162.239996875	4.71457832967284	153.203875	159.0155	162.19	165.374	171.6559	4616.60624925479
superscaffold8.75.1	176.199103541667	5.16035873643628	166.452	172.633	175.935	179.58	187.0277	4800.00000000001
superscaffold8.74.1	202.647488541667	6.8181609108746	190.8539	197.89875	202.126	206.72525	217.684225	4454.57922996792
superscaffold8.73.1	159.585405833333	5.31360368593292	149.392275	155.862	159.5175	163.24175	170.0151	4800.00000000001
superscaffold8.72.1	169.390881458333	4.88337794994731	160.303875	166.01	169.2765	172.6845	179.274125	4918.70494744831
superscaffold8.71.1	170.561387708333	4.35991349788005	162.347725	167.5315	170.3845	173.489	179.191125	4447.65170155589
superscaffold8.70.1	273.937023125	8.42826079847982	257.67495	268.2045	273.8315	279.66025	290.648825	4398.74143774886
superscaffold8.69.1	223.623838541667	5.9504684546103	212.41785	219.5245	223.4505	227.476	235.44515	4800.00000000001
superscaffold8.68.1	126.57062375	2.98514883095032	120.782925	124.55775	126.5605	128.54725	132.488075	3866.71502407473
superscaffold8.67.1	171.799839375	4.08412884202261	164.059775	169.0325	171.688	174.428	180.0313	4342.71983831912
superscaffold8.66.1	230.782055208333	6.51016727979494	218.386825	226.399	230.795	235.21425	243.495675	4533.22538521288
superscaffold8.65.1	259.083141041667	7.03356773057089	245.369525	254.341	259.0925	263.869	272.9345	4600.17157171873
superscaffold8.64.1	161.30416375	4.77243518933925	152.833375	157.982	161.0495	164.38925	171.371625	4459.32192268405
superscaffold8.63.1	93.4884754166667	1.93619681211617	89.8788	92.165	93.464	94.74825	97.316	4322.01651981893
superscaffold8.62.1	128.207891041667	2.84425831886947	122.8529	126.29475	128.18	130.03225	133.96615	3592.08040871896
superscaffold8.61.1	161.372320416667	3.62878943192321	154.46395	158.80475	161.382	163.8545	168.588475	4267.92996271007
superscaffold8.60.1	163.505527083333	4.05152575224755	155.587925	160.76175	163.4725	166.17025	171.6666	5260.4207109855
superscaffold8.59.1	123.388236875	2.69418749378194	118.2624	121.55975	123.355	125.2115	128.8515	4799.99999999999
superscaffold8.58.1	154.443991041667	3.38349256164302	148.048275	152.1655	154.395	156.682	161.334175	4246.03161083728
superscaffold8.57.1	158.127541666667	3.49565635101237	151.4703	155.736	158.0905	160.46475	165.091025	4395.37424933042
superscaffold8.56.1	199.046656041667	4.83673566517706	190.11965	195.71875	198.89	202.2175	208.996625	3225.55202392497
superscaffold8.55.1	182.008277291667	4.19124779729595	174.173	179.071	181.8915	184.815	190.6634	4800
superscaffold8.54.1	212.60469875	4.58453399536481	203.88555	209.523	212.464	215.60325	221.910275	4800
superscaffold8.53.1	208.976920833333	4.96674778203015	199.41015	205.624	208.918	212.3455	218.923825	4800
superscaffold8.52.1	187.26346375	4.68727857935206	178.522525	184.1145	187.107	190.40375	196.74255	4800
superscaffold8.51.1	178.027085	4.28174976830925	169.826725	175.09675	177.9965	180.88425	186.606175	4665.84485901407
superscaffold8.50.1	144.722550625	4.02720669311267	137.521775	141.9295	144.499	147.187	153.26505	4062.88092441889
superscaffold8.49.1	162.548349166667	4.21644656762002	154.470625	159.666	162.5325	165.34425	170.953625	4800.00000000002
superscaffold8.48.1	194.481501458333	4.4822955253876	185.837825	191.39825	194.4685	197.52425	203.3561	2429.42629168836
superscaffold8.47.1	160.518538541667	3.16855932835568	154.53235	158.33175	160.503	162.6535	166.724575	4800.00000000001
superscaffold8.46.1	197.462982916667	4.11278896167295	189.52375	194.74075	197.354	200.128	205.790075	4194.61519112344
superscaffold8.45.1	145.37380625	3.14428454445221	139.4279	143.176	145.2965	147.4625	151.54705	4214.11406075675
superscaffold8.44.1	182.19656875	4.28822276618873	173.987675	179.258	182.09	185.004	191.0541	5299.76707338679
superscaffold8.43.1	212.315215416667	4.75396015738539	203.381725	209.01175	212.1475	215.54125	221.907275	4799.99999999999
superscaffold8.42.1	181.611968333333	4.37538460199029	173.129825	178.6415	181.602	184.46675	190.377325	5067.47947616006
superscaffold8.41.1	158.021670208333	4.22849243843777	150.010775	155.123	157.9355	160.87475	166.465125	4385.7811143768
superscaffold8.40.1	145.888524583333	2.85323011409814	140.37575	143.9745	145.842	147.7585	151.660075	4543.75491591165
superscaffold8.39.1	108.091926458333	2.42242323112581	103.449875	106.4485	108.07	109.6935	113.002175	4800.00000000001
superscaffold8.38.1	131.626827708333	3.61102488415768	124.704925	129.1375	131.514	134.07275	138.761625	4354.98804859994
superscaffold8.37.1	225.14027	6.11402427955889	213.307975	220.9405	225.0705	229.24425	237.3951	3959.64925580956
superscaffold8.36.1	169.980911875	4.18941140688988	162.365875	167.1115	169.9075	172.7135	178.607025	4800
superscaffold8.35.1	161.521893333333	4.50084705318489	152.8826	158.3965	161.3765	164.5	170.654375	4089.13724439035
superscaffold8.34.1	171.532162708333	4.41129096344183	163.030925	168.53225	171.4495	174.45725	180.369025	4799.99999999999
superscaffold8.33.1	145.035832708333	3.02837726863008	139.337875	142.943	144.965	147.039	151.225	3740.52787001588
superscaffold8.32.1	79.661306875	1.98814849815433	75.984525	78.3095	79.554	80.9285	83.87215	4476.65262985101
superscaffold8.31.1	77.7175977083333	1.76573221913062	74.4019	76.5195	77.6645	78.897	81.306075	3812.28664921964
superscaffold8.30.1	116.051638541667	2.29381990809184	111.567975	114.46975	116.044	117.607	120.652175	4384.90728550503
superscaffold8.29.1	78.3112525	1.62115694450295	75.225925	77.19175	78.281	79.4135	81.60725	3025.82323906158
superscaffold8.28.1	123.618987291667	2.22960040077121	119.429875	122.07975	123.5465	125.14775	128.051025	3671.74936990978
superscaffold8.27.1	71.7717658333333	1.84762516725048	68.54495	70.51	71.658	72.903	75.837075	4083.18906721929
superscaffold8.26.1	116.113802916667	2.44705761649483	111.520675	114.434	116.079	117.67125	121.06905	3087.38741680543
superscaffold8.25.1	89.6425466666667	1.82446570504534	86.12265	88.42175	89.5935	90.82375	93.4031	4415.89448028954
superscaffold8.24.1	61.46746	1.25937682624437	59.040825	60.63175	61.436	62.306	63.97405	1261.88658360244
superscaffold8.23.1	60.4526245833333	1.41695137477568	57.783725	59.487	60.441	61.39025	63.217025	1987.30117559636
superscaffold8.22.1	86.266305	2.58519692264958	81.435925	84.505	86.1635	87.972	91.66405	3657.52796797037
superscaffold8.21.1	150.03856125	3.55354172747654	143.402725	147.50875	149.953	152.48125	157.15705	3607.08130239667
superscaffold8.20.1	93.9075597916667	1.91038299661534	90.22575	92.643	93.881	95.20525	97.667025	2838.64247687753
superscaffold8.19.1	132.342367916667	3.07628201145721	126.447925	130.21975	132.229	134.43925	138.422225	3636.32941193369
superscaffold8.18.1	109.468048125	2.10115737800079	105.423775	108.013	109.4415	110.87175	113.71645	2798.58309495235
superscaffold8.17.1	123.577850833333	3.01181424443251	118.066775	121.54225	123.4275	125.47875	130.000775	4512.96329943449
superscaffold8.16.1	170.126152916667	4.42557600085143	161.823975	167.14675	170.0375	172.9335	179.23415	2650.72926638699
superscaffold8.15.1	167.2472475	4.22149277312944	159.193575	164.32175	167.218	170.06425	175.9033	4800
superscaffold8.14.1	94.036260625	2.18183197879585	89.988	92.535	93.9625	95.45475	98.480175	3449.85437947829
superscaffold8.13.1	86.0264664583333	1.89544299311643	82.397975	84.7035	86.026	87.27825	89.811025	4371.0884218478
superscaffold8.12.1	153.567517916667	3.2039071753501	147.480275	151.362	153.562	155.6925	159.932225	4407.25580250099
superscaffold8.11.1	125.906217708333	3.06093917750143	120.068925	123.82875	125.879	127.92025	131.936575	4800
superscaffold8.10.1	165.967895	4.33591554299368	157.68895	163.03975	165.957	168.743	174.812275	4799.99999999999
superscaffold8.9.1	136.777341458333	3.67996026571922	129.974975	134.23025	136.686	139.2335	144.2274	4590.63291364737
superscaffold8.8.1	136.465793541667	2.81388705777456	131.128	134.52325	136.397	138.3465	142.242125	4800
superscaffold8.7.1	124.99314	2.55853939410715	120.10095	123.287	124.9585	126.676	130.174	4003.31126853775
superscaffold8.6.1	106.619403541667	2.47116931680514	102.08895	104.927	106.4865	108.13325	111.948325	2486.21747261055
superscaffold8.5.1	128.725260208333	3.13170716848218	122.8955	126.57	128.6775	130.75025	135.1104	3872.84182547216
superscaffold8.4.1	66.6808529166667	1.61382690737512	63.65455	65.589	66.635	67.748	69.922075	1551.1778326712
superscaffold8.3.1	45.5854060416667	1.05347263730309	43.62095	44.85775	45.5705	46.264	47.7801	2424.93477576538
superscaffold8.2.1	79.0233016666667	1.74690550915782	75.629975	77.84275	79.0275	80.18525	82.4901	4540.01504966178
superscaffold8.1.1	63.0238129166667	1.5218093040274	60.14895	61.98675	62.983	64.02925	66.063	1487.22651620395
