scaffold	mean	SD	2.5	25	50	75	97.5	ESS
superscaffold8.227.1	-259001.399091042	4.9761117585976	-259012.18035	-259004.55875	-259000.952	-258997.90675	-258992.466575	4263.16116509816
superscaffold8.226.1	-1273683.93836125	13.5413666420266	-1273712.479475	-1273692.69825	-1273683.352	-1273674.588	-1273658.96895	953.733610904442
superscaffold8.225.1	-1268743.24422229	15.0030499032988	-1268773.72325	-1268753.4695	-1268742.6385	-1268732.68675	-1268715.24135	402.943178856286
superscaffold8.224.1	-1245057.62641583	16.6988406316771	-1245088.101925	-1245069.613	-1245057.9415	-1245046.44175	-1245023.872125	289.172427180165
superscaffold8.223.1	-1231600.24109396	14.9322391508182	-1231630.1591	-1231610.086	-1231599.841	-1231589.565	-1231572.202425	756.102883210548
superscaffold8.222.1	-1242274.87085583	13.7920931024819	-1242300.985175	-1242284.202	-1242274.998	-1242265.69575	-1242246.9905	1462.64417037217
superscaffold8.221.1	-1255611.25290479	13.5319943263497	-1255637.650875	-1255620.426	-1255611.234	-1255602.1695	-1255584.813625	1244.68538151767
superscaffold8.220.1	-1249919.77575667	14.3800263367501	-1249947.918725	-1249929.51525	-1249919.821	-1249909.618	-1249892.212775	934.576071218766
superscaffold8.219.1	-1243053.45121729	11.8286073917505	-1243077.09085	-1243061.1485	-1243053.427	-1243045.60825	-1243029.87755	951.165096484835
superscaffold8.218.1	-1323300.04987083	18.110856961582	-1323336.195975	-1323311.79025	-1323299.7135	-1323287.6495	-1323265.8734	283.165139778019
superscaffold8.217.1	-1297037.01062792	17.6538762922955	-1297070.4773	-1297049.03025	-1297037.197	-1297025.50075	-1297000.99815	387.102124802833
superscaffold8.216.1	-1244449.75429833	12.6436357649657	-1244475.48245	-1244457.98925	-1244449.55	-1244441.1965	-1244425.92585	1679.53555523746
superscaffold8.215.1	-1327033.74482708	15.0351568959587	-1327062.397275	-1327043.7425	-1327034.157	-1327024.2795	-1327002.54075	367.696253084658
superscaffold8.214.1	-1219695.91341917	13.2969036806354	-1219719.3827	-1219705.00975	-1219697.1255	-1219687.65325	-1219666.4252	300.44118440912
superscaffold8.213.1	-1315151.62424542	13.2941970734638	-1315179.00905	-1315160.37925	-1315151.0325	-1315142.54175	-1315126.88315	1246.40566533253
superscaffold8.212.1	-1301545.94697063	14.1068713074293	-1301572.5253	-1301555.649	-1301546.5685	-1301536.714	-1301516.65535	444.815577345453
superscaffold8.211.1	-1270689.59756667	12.940262930606	-1270714.0911	-1270698.5705	-1270690.2365	-1270680.8145	-1270663.96755	809.343945405324
superscaffold8.210.1	-1257505.97656333	13.1329932491789	-1257530.9204	-1257514.9635	-1257506.307	-1257497.276	-1257479.19695	860.998926785922
superscaffold8.209.1	-1247987.95726146	11.8033125504205	-1248012.583725	-1247995.37525	-1247987.6465	-1247980.08475	-1247965.447675	387.058045986437
superscaffold8.208.1	-1271509.21301563	10.9042277722627	-1271531.149175	-1271516.38375	-1271509.046	-1271501.98075	-1271487.9846	2035.38088911293
superscaffold8.207.1	-1185111.760455	11.9911696483787	-1185134.919675	-1185119.412	-1185112.004	-1185104.2555	-1185086.983	1088.57682300601
superscaffold8.206.1	-1186480.97210292	17.718333938872	-1186519.397325	-1186491.68725	-1186478.907	-1186468.841	-1186449.62985	116.059969213488
superscaffold8.205.1	-1263342.74381083	15.3318720602098	-1263373.648675	-1263352.904	-1263342.742	-1263332.24	-1263312.7043	445.250121913852
superscaffold8.204.1	-1247756.81683875	17.534743902052	-1247792.507375	-1247768.383	-1247756.166	-1247744.678	-1247723.565825	267.970122434145
superscaffold8.203.1	-1253547.77249833	13.9767725645021	-1253576.158325	-1253557.06875	-1253547.6435	-1253537.89725	-1253521.173375	673.662595503022
superscaffold8.202.1	-1280459.68879667	13.4755841473078	-1280485.6835	-1280469.0035	-1280459.922	-1280450.496	-1280432.47215	887.875607285171
superscaffold8.201.1	-1249074.31391813	15.6036161453271	-1249106.4077	-1249085.16725	-1249073.27	-1249062.587	-1249046.78355	404.034734907357
superscaffold8.200.1	-1223308.44625854	13.1989407912481	-1223334.4138	-1223317.247	-1223308.292	-1223299.80825	-1223282.9752	966.622142334905
superscaffold8.199.1	-1223871.17047646	15.9724021615554	-1223905.118325	-1223881.534	-1223870.6245	-1223860.1795	-1223841.41995	222.920049203244
superscaffold8.198.1	-1277662.48714687	16.3638886989445	-1277693.3746	-1277673.75125	-1277662.948	-1277651.7325	-1277628.5027	290.397622662778
superscaffold8.197.1	-1322259.24691104	18.9227806916587	-1322295.917	-1322272.97725	-1322258.779	-1322244.7125	-1322225.9727	58.0155106082978
superscaffold8.196.1	-1305168.69577125	14.8409617658854	-1305198.7864	-1305178.48575	-1305168.2065	-1305158.638	-1305140.021375	1235.00407605108
superscaffold8.195.1	-1320579.96290187	15.2958825775706	-1320610.52525	-1320590.12025	-1320579.3655	-1320569.897	-1320550.69995	1004.61723699664
superscaffold8.194.1	-1330032.12050187	15.2323345825648	-1330064.2437	-1330041.66825	-1330031.1975	-1330021.814	-1330004.34575	313.291803162625
superscaffold8.193.1	-1289341.50821979	15.8564799800197	-1289374.6361	-1289351.80425	-1289340.775	-1289330.569	-1289312.02675	490.123881109038
superscaffold8.192.1	-1281577.35926812	12.8219761929914	-1281604.022875	-1281585.95175	-1281576.7825	-1281568.49275	-1281553.378125	1077.12177834481
superscaffold8.191.1	-1336805.22063229	12.5476944383196	-1336831.248525	-1336813.289	-1336804.3915	-1336796.536	-1336782.985525	651.797992516897
superscaffold8.190.1	-1290749.05657729	13.6484021679671	-1290776.490225	-1290757.96275	-1290749.1485	-1290739.87275	-1290722.869375	1311.06823221373
superscaffold8.189.1	-1303513.49096333	13.2458853576022	-1303541.5625	-1303521.71725	-1303512.8965	-1303504.50625	-1303488.940375	955.854090327922
superscaffold8.188.1	-1313677.25754292	17.0007768844669	-1313710.57835	-1313688.6405	-1313676.9305	-1313665.484	-1313644.784525	224.100234001563
superscaffold8.187.1	-1243039.56404896	13.8307354165883	-1243068.050575	-1243048.7745	-1243038.8855	-1243029.81675	-1243014.226925	429.501377580936
superscaffold8.186.1	-1302815.20849938	11.3476156791646	-1302839.00005	-1302822.71525	-1302814.9025	-1302807.51875	-1302794.190825	815.7155158747
superscaffold8.185.1	-1218386.00172313	13.3340125858548	-1218411.797475	-1218394.84625	-1218386.013	-1218376.87275	-1218359.27825	871.010315981379
superscaffold8.184.1	-1257380.30525562	12.3886576316072	-1257405.3396	-1257388.42275	-1257379.84	-1257371.787	-1257357.3493	39.948321678364
superscaffold8.183.1	-1301189.43526792	13.765853023505	-1301215.570225	-1301198.9185	-1301189.627	-1301180.16475	-1301161.738925	957.433902160859
superscaffold8.182.1	-1240966.57008417	14.6585649320751	-1240995.87645	-1240976.29075	-1240966.5255	-1240956.66025	-1240938.282675	662.551926875832
superscaffold8.181.1	-1223508.38195312	13.3780925962624	-1223535.66	-1223516.8045	-1223508.2655	-1223499.56325	-1223482.5455	947.642914659714
superscaffold8.180.1	-1183074.53032125	14.7350650305223	-1183101.98785	-1183084.9555	-1183075.005	-1183064.6145	-1183044.718925	300.310185057444
superscaffold8.179.1	-1210567.86299167	17.0065153001628	-1210601.437075	-1210579.41925	-1210567.6755	-1210556.18425	-1210535.15195	471.215003932007
superscaffold8.178.1	-1295952.22484042	16.5942412496042	-1295983.222425	-1295963.75875	-1295952.5225	-1295941.254	-1295918.87135	321.887118220229
superscaffold8.177.1	-1261231.40318417	19.5113963126524	-1261268.126525	-1261244.802	-1261231.8535	-1261218.531	-1261191.81945	392.408264234059
superscaffold8.176.1	-1296439.49372229	18.7644871958346	-1296484.349675	-1296449.08225	-1296436.8825	-1296426.804	-1296410.93835	69.1392133251898
superscaffold8.175.1	-1307121.18491854	16.732673241813	-1307156.32405	-1307132.08425	-1307120.123	-1307109.50975	-1307090.557525	280.887306611159
superscaffold8.174.1	-1326822.579515	13.6058659443046	-1326849.676775	-1326831.43725	-1326822.286	-1326813.5375	-1326796.570925	910.519707374453
superscaffold8.173.1	-1308327.23340729	16.7404625911565	-1308360.2081	-1308338.15575	-1308327.4395	-1308316.635	-1308292.98285	351.068453482174
superscaffold8.172.1	-1300063.51380083	15.0070203801147	-1300093.08235	-1300073.6605	-1300063.3945	-1300053.163	-1300034.1414	953.18239039824
superscaffold8.171.1	-1226483.55837375	16.2046506638839	-1226514.655025	-1226494.46475	-1226483.7625	-1226472.6495	-1226450.61075	787.704955293888
superscaffold8.170.1	-1233524.43889312	15.9984272607435	-1233558.6594	-1233534.785	-1233523.4285	-1233513.26175	-1233495.45175	195.354663302104
superscaffold8.169.1	-1281567.27839687	12.9820601132701	-1281592.51625	-1281576.015	-1281567.201	-1281558.85525	-1281541.30615	1649.04559993371
superscaffold8.168.1	-1284489.41735688	12.1130691730588	-1284513.5372	-1284497.38	-1284489.0505	-1284481.429	-1284465.277425	1339.02113691646
superscaffold8.167.1	-1415159.48144292	12.4957325355324	-1415184.219575	-1415167.905	-1415159.142	-1415151.26725	-1415135.543725	1773.71851102888
superscaffold8.166.1	-1367717.11669479	14.9863143129721	-1367746.5981	-1367727.17325	-1367716.9245	-1367706.7075	-1367688.0528	1393.18525000612
superscaffold8.165.1	-1164654.59308458	13.0902007440447	-1164683.2058	-1164662.54375	-1164653.6045	-1164645.74675	-1164630.8409	462.758998535448
superscaffold8.164.1	-1316114.26174333	16.3800374246098	-1316147.225675	-1316125.38325	-1316113.909	-1316102.60225	-1316083.6548	187.880956350293
superscaffold8.163.1	-1351548.65820146	12.6611098453332	-1351574.091075	-1351557.07375	-1351548.395	-1351540.117	-1351524.172225	1261.51836638856
superscaffold8.162.1	-1372880.81874292	15.5044396680312	-1372913.56355	-1372890.67525	-1372880.363	-1372870.13	-1372852.07935	498.913051518898
superscaffold8.161.1	-1373108.72982875	17.9471382920443	-1373139.182025	-1373120.88825	-1373110.24	-1373099.28575	-1373065.646	73.6087259950395
superscaffold8.160.1	-1313410.37804563	15.2473412565969	-1313440.458025	-1313420.63325	-1313410.263	-1313400.38975	-1313380.3083	1220.30131905334
superscaffold8.159.1	-1262940.80885833	11.3950396565459	-1262962.745025	-1262948.375	-1262940.737	-1262933.038	-1262918.56955	2346.28513124615
superscaffold8.158.1	-1273687.06849708	13.9564166839027	-1273714.5143	-1273696.671	-1273687.1075	-1273677.667	-1273660.079575	876.403561502102
superscaffold8.157.1	-1371659.57212687	10.4628907456759	-1371680.66525	-1371666.576	-1371659.366	-1371652.65475	-1371638.716425	1481.73071404376
superscaffold8.156.1	-1425600.77156292	11.7396790935014	-1425623.77935	-1425608.75325	-1425600.7475	-1425592.51275	-1425577.87205	726.965944786952
superscaffold8.155.1	-1409766.57457938	15.426343075203	-1409795.5894	-1409776.96825	-1409767.0925	-1409756.52675	-1409734.9502	161.640480470359
superscaffold8.154.1	-1319529.43698646	10.7165204074505	-1319551.317025	-1319536.186	-1319529.028	-1319522.2735	-1319508.897225	1655.39858761371
superscaffold8.153.1	-1288931.00311104	11.4933512494967	-1288954.49365	-1288938.7435	-1288930.759	-1288923.05575	-1288909.343	1943.34413717146
superscaffold8.152.1	-1293357.67298854	14.9160627415968	-1293387.081075	-1293367.43725	-1293357.8835	-1293347.91425	-1293327.53575	655.244753292697
superscaffold8.151.1	-1283449.73705354	13.5152536607627	-1283477.246725	-1283458.70175	-1283449.45	-1283440.3395	-1283424.49045	254.192007087016
superscaffold8.150.1	-1341001.28031479	15.1919702294003	-1341032.180875	-1341011.131	-1341001.1155	-1340990.91175	-1340973.00695	1136.95150129211
superscaffold8.149.1	-1393850.54227292	14.5703421241006	-1393879.026775	-1393860.589	-1393850.598	-1393840.49075	-1393822.523675	131.306983198941
superscaffold8.148.1	-1262276.73377083	14.5860574826103	-1262306.8482	-1262286.35	-1262276.0765	-1262266.52525	-1262249.7519	474.350122385073
superscaffold8.147.1	-1358908.4482925	14.8455286469965	-1358938.3552	-1358918.29	-1358908.174	-1358898.16875	-1358880.268425	610.015021437453
superscaffold8.146.1	-1327229.80355167	16.6602690183299	-1327263.3395	-1327240.9045	-1327229.314	-1327218.285	-1327198.064525	367.081372702586
superscaffold8.145.1	-1427659.95831646	11.9759703987215	-1427683.231	-1427667.90925	-1427660.2515	-1427651.7705	-1427636.5109	659.843881296833
superscaffold8.144.1	-1337901.67096271	12.0398927939992	-1337925.95935	-1337909.621	-1337901.5115	-1337893.54375	-1337878.768175	1783.65896111586
superscaffold8.143.1	-1333183.71780562	13.2079048058902	-1333210.414625	-1333192.567	-1333183.6915	-1333174.67275	-1333157.8218	1744.41614818622
superscaffold8.142.1	-1281391.87525146	12.1249894572033	-1281415.70135	-1281400.2835	-1281391.6425	-1281383.642	-1281368.37445	1406.12977453199
superscaffold8.141.1	-1358753.40135417	13.2065294925706	-1358778.998725	-1358762.5355	-1358753.028	-1358744.44275	-1358728.00615	1417.88368046779
superscaffold8.140.1	-1350028.62260771	16.7160887217872	-1350061.73935	-1350039.75875	-1350028.583	-1350017.28125	-1349996.5909	636.527043385371
superscaffold8.139.1	-1380034.90104083	15.3614192842844	-1380064.509325	-1380045.085	-1380034.9355	-1380024.75625	-1380004.45205	1053.51227732237
superscaffold8.138.1	-1403185.94129083	12.254183995353	-1403210.53205	-1403193.97925	-1403185.4195	-1403177.5925	-1403162.81585	1322.89667369287
superscaffold8.137.1	-1401897.55001312	14.1982040573535	-1401924.123675	-1401907.41225	-1401898.0075	-1401888.0215	-1401868.50775	595.629770792918
superscaffold8.136.1	-1314329.67402021	18.6695337044274	-1314367.2242	-1314342.14525	-1314329.0905	-1314317.02625	-1314294.431975	681.744579748301
superscaffold8.135.1	-1385470.30500146	16.9293370916524	-1385504.073	-1385481.784	-1385470.198	-1385458.28525	-1385437.796075	749.148065128328
superscaffold8.134.1	-1250841.65828646	14.3313135872869	-1250870.115025	-1250851.241	-1250841.2575	-1250831.90025	-1250814.40695	710.542366013218
superscaffold8.133.1	-1321622.05304917	12.9138820478194	-1321646.945725	-1321631.0555	-1321622.0305	-1321613.264	-1321596.842825	1496.30442203236
superscaffold8.132.1	-1382299.93439208	14.6255494012849	-1382330.1088	-1382309.38875	-1382299.5945	-1382289.966	-1382272.202225	1229.63365647423
superscaffold8.131.1	-1379152.29715292	13.4073497912693	-1379179.50145	-1379160.89075	-1379152.05	-1379143.2615	-1379126.20925	1671.37465415354
superscaffold8.130.1	-1470291.53694667	18.8504947298569	-1470326.338025	-1470305.301	-1470292.246	-1470278.14575	-1470255.167525	200.472792124211
superscaffold8.129.1	-1427372.18328313	15.365585566224	-1427401.522925	-1427382.67475	-1427372.114	-1427361.814	-1427340.8953	683.564456129115
superscaffold8.128.1	-1388167.75113021	16.8676692891499	-1388200.29375	-1388179.26075	-1388167.9325	-1388156.84575	-1388133.124775	510.739102040213
superscaffold8.127.1	-1312199.47220354	16.2941816486844	-1312231.240375	-1312210.075	-1312199.618	-1312188.82525	-1312167.228075	285.862308282706
superscaffold8.126.1	-1343392.29585854	13.8165644327697	-1343420.3126	-1343401.31725	-1343392.0785	-1343382.85225	-1343365.5876	1023.09667592082
superscaffold8.125.1	-1304023.48071104	13.1115161516347	-1304049.52905	-1304032.06175	-1304023.2855	-1304014.78625	-1303997.81505	1283.25192428877
superscaffold8.124.1	-1327131.84600292	16.4784870225321	-1327164.967775	-1327142.937	-1327131.464	-1327120.3495	-1327101.666425	373.308613266613
superscaffold8.123.1	-1358272.47359896	12.5345596344017	-1358298.511125	-1358280.4255	-1358272.1865	-1358263.7575	-1358249.365275	1113.03124370637
superscaffold8.122.1	-1260965.65149104	10.4905984553791	-1260987.016625	-1260972.4815	-1260965.413	-1260958.5985	-1260945.52645	2705.12020313439
superscaffold8.121.1	-1326740.98375146	14.9287120104514	-1326768.8411	-1326751.13975	-1326741.6165	-1326731.08275	-1326710.68445	593.777861116247
superscaffold8.120.1	-1314908.49407729	14.7450817098646	-1314937.65625	-1314918.59825	-1314908.4585	-1314898.36925	-1314879.682825	882.676933949962
superscaffold8.119.1	-1377139.20463354	15.0922153210111	-1377168.718075	-1377149.52375	-1377139.425	-1377129.01175	-1377109.79965	1045.01675290166
superscaffold8.118.1	-1274703.53976417	16.020782531369	-1274735.0841	-1274714.47625	-1274703.5945	-1274692.5765	-1274672.253675	637.652253711282
superscaffold8.117.1	-1309438.38339208	14.4675740536028	-1309467.2109	-1309447.98225	-1309437.9745	-1309428.2845	-1309411.753	734.214273639042
superscaffold8.116.1	-1301157.083015	16.5637008746511	-1301191.295125	-1301168.12975	-1301156.3865	-1301145.89775	-1301126.001625	583.248279722453
superscaffold8.115.1	-1319620.80880125	17.3067385718576	-1319655.1015	-1319632.4935	-1319620.6765	-1319608.5125	-1319589.057675	385.654619277807
superscaffold8.114.1	-1314523.19872667	14.9629190098717	-1314554.850525	-1314532.04125	-1314522.6685	-1314513.08025	-1314495.8736	274.294186032185
superscaffold8.113.1	-1256053.90489542	15.7925710170084	-1256084.411675	-1256064.71875	-1256053.7935	-1256043.06925	-1256023.3631	749.228219948899
superscaffold8.112.1	-1224717.08756875	14.1419078953166	-1224743.87275	-1224726.82725	-1224717.4635	-1224707.885	-1224688.327375	908.11498433477
superscaffold8.111.1	-1345988.81219125	17.1602699899755	-1346021.97815	-1346000.4665	-1345988.926	-1345976.77975	-1345956.118775	661.122659826963
superscaffold8.110.1	-1356056.9292875	14.4542509611358	-1356085.31095	-1356066.64475	-1356056.8685	-1356047.10925	-1356029.435625	1246.35636619631
superscaffold8.109.1	-1233112.88169167	12.9764118674892	-1233139.557175	-1233121.25225	-1233112.6605	-1233103.92625	-1233088.22945	1064.34688237085
superscaffold8.108.1	-1206146.48355	15.8575326739682	-1206177.9632	-1206156.977	-1206146.2275	-1206136.15725	-1206115.59275	431.482360945408
superscaffold8.107.1	-1240426.8641575	13.860018118894	-1240455.91015	-1240435.971	-1240426.315	-1240417.484	-1240400.861075	1984.80614021965
superscaffold8.106.1	-1308322.70169875	14.916295889279	-1308347.27675	-1308333.1465	-1308324.5495	-1308314.0905	-1308289.185575	206.667912899313
superscaffold8.105.1	-1275546.42689958	17.6483187328947	-1275579.076925	-1275560.012	-1275545.895	-1275533.39475	-1275513.292375	147.592377462482
superscaffold8.104.1	-1377357.87019542	15.4660030526035	-1377388.71125	-1377368.0185	-1377357.897	-1377347.4195	-1377327.659675	821.307292875598
superscaffold8.103.1	-1314569.92660625	13.3076111442236	-1314596.76715	-1314578.78175	-1314569.4745	-1314560.561	-1314544.99245	1602.73198729011
superscaffold8.102.1	-1359433.98005104	16.1494045327084	-1359463.9446	-1359445.5225	-1359434.557	-1359422.7885	-1359401.06965	348.826779175944
superscaffold8.101.1	-1347377.97124938	20.4183870668951	-1347414.243325	-1347392.03625	-1347379.693	-1347365.6305	-1347332.9031	89.2820038390466
superscaffold8.100.1	-1342340.41473312	23.1182194551001	-1342380.694175	-1342357.95875	-1342342.062	-1342323.0905	-1342295.006475	38.1189142298653
superscaffold8.99.1	-1335188.11421417	15.3653167510533	-1335217.9478	-1335198.24975	-1335188.5825	-1335178.12375	-1335157.3355	397.834954736952
superscaffold8.98.1	-1340726.48193313	13.9589772915026	-1340754.537775	-1340735.5095	-1340726.37	-1340717.137	-1340699.02425	639.986403508867
superscaffold8.97.1	-1369584.47829104	16.7867884376306	-1369617.416175	-1369595.764	-1369584.5115	-1369573.01375	-1369552.392325	629.142587743546
superscaffold8.96.1	-1322811.00157062	14.2231140301703	-1322840.141775	-1322820.39525	-1322810.3975	-1322800.88575	-1322784.831975	607.201010102564
superscaffold8.95.1	-1342508.90648271	17.7182410002294	-1342544.593775	-1342520.5035	-1342508.263	-1342496.98125	-1342475.256225	566.106006150193
superscaffold8.94.1	-1260153.37682979	16.1724059664192	-1260186.0599	-1260164.15475	-1260152.895	-1260142.4165	-1260122.19345	853.034175383049
superscaffold8.93.1	-1260339.48919979	12.1635656808673	-1260363.312925	-1260347.5995	-1260339.532	-1260331.63725	-1260314.7562	1587.36437626666
superscaffold8.92.1	-1263771.87010604	12.9259953654545	-1263798.736725	-1263779.93725	-1263771.5365	-1263763.0455	-1263747.908325	818.730441837736
superscaffold8.91.1	-1262665.46297896	20.3247556100069	-1262703.195475	-1262680.6265	-1262665.8145	-1262650.81525	-1262626.901375	57.1544079766903
superscaffold8.90.1	-1322256.82944208	16.7093037868702	-1322291.011275	-1322267.839	-1322256.3655	-1322245.1945	-1322226.43005	1044.1503567838
superscaffold8.89.1	-1267934.79414708	14.0315511638971	-1267963.242625	-1267943.925	-1267934.602	-1267924.9535	-1267908.354875	1049.08604464051
superscaffold8.88.1	-1266160.3605675	15.7553933175599	-1266192.0555	-1266170.96025	-1266160.181	-1266149.43475	-1266130.393525	600.256364812015
superscaffold8.87.1	-1295295.04597792	11.2897669461597	-1295316.96815	-1295302.831	-1295295.2345	-1295287.66425	-1295272.0591	1114.66103715373
superscaffold8.86.1	-1257232.44535479	14.150101023946	-1257260.27675	-1257241.90125	-1257232.481	-1257222.54925	-1257205.896925	589.556196944872
superscaffold8.85.1	-1278848.51084104	14.1506292900207	-1278876.492725	-1278857.8525	-1278848.511	-1278839.16175	-1278820.176625	1257.51750668664
superscaffold8.84.1	-1297075.02159937	15.595612997378	-1297105.459175	-1297085.4835	-1297074.646	-1297064.1755	-1297045.18095	313.783096932868
superscaffold8.83.1	-1347924.63982187	13.7989291450916	-1347954.46375	-1347933.083	-1347923.664	-1347914.94	-1347900.728975	374.288940463119
superscaffold8.82.1	-1319177.42845313	14.0765848053694	-1319204.943625	-1319187.035	-1319177.2215	-1319167.38475	-1319151.1706	719.62201141985
superscaffold8.81.1	-1239939.410555	13.7210242721141	-1239966.870075	-1239948.52025	-1239938.904	-1239930.2525	-1239913.3215	1123.47175973796
superscaffold8.80.1	-1378317.23813938	12.2817831094136	-1378340.505575	-1378325.4565	-1378317.576	-1378309.58325	-1378292.219625	645.883708478327
superscaffold8.79.1	-1330583.36747854	13.3857617135121	-1330607.6571	-1330592.49575	-1330584.1365	-1330574.937	-1330554.611575	782.574586332539
superscaffold8.78.1	-1281587.78179771	12.4594819921938	-1281612.286525	-1281596.1375	-1281587.7615	-1281579.34075	-1281564.079175	1304.45818854669
superscaffold8.77.1	-1248847.83598438	10.6905254788291	-1248867.926375	-1248855.208	-1248848.08	-1248840.6005	-1248825.75615	2219.36008478986
superscaffold8.76.1	-1240591.02211313	13.4986370964737	-1240617.3978	-1240600.41625	-1240590.696	-1240581.6285	-1240564.870475	1139.3253147949
superscaffold8.75.1	-1266163.26248437	14.1782001528486	-1266190.97345	-1266172.808	-1266163.567	-1266153.6225	-1266134.777175	712.103524398127
superscaffold8.74.1	-1325424.55459479	13.9326957404426	-1325452.200125	-1325433.8725	-1325424.3385	-1325415.2095	-1325397.620975	849.058410820305
superscaffold8.73.1	-1215122.56238854	12.7988869048453	-1215147.060175	-1215131.32475	-1215122.799	-1215114.111	-1215096.7792	1858.90391800498
superscaffold8.72.1	-1223974.56260333	11.4510962427344	-1223998.1421	-1223981.861	-1223974.173	-1223966.823	-1223952.813625	1520.23000881569
superscaffold8.71.1	-1289035.58550458	10.5147788918851	-1289056.623475	-1289042.47525	-1289035.447	-1289028.62725	-1289015.160975	2466.58593545125
superscaffold8.70.1	-1297287.17256875	12.7910786866047	-1297311.821275	-1297295.927	-1297287.087	-1297278.44375	-1297262.2706	2158.4958172635
superscaffold8.69.1	-1233315.06799667	10.642075869365	-1233336.4457	-1233322.09875	-1233314.886	-1233307.90825	-1233295.04105	1746.11884287355
superscaffold8.68.1	-1237428.58221854	13.7815828575499	-1237456.814925	-1237437.59875	-1237428.1365	-1237419.21725	-1237401.95725	1459.54803720029
superscaffold8.67.1	-1349714.21336167	13.0665216398787	-1349739.41705	-1349722.959	-1349714.381	-1349705.48525	-1349688.16285	1085.11828860912
superscaffold8.66.1	-1268579.23341979	13.3108926296426	-1268603.878025	-1268588.743	-1268579.7215	-1268570.26225	-1268552.02635	1188.80371906438
superscaffold8.65.1	-1291163.23681083	16.180623562182	-1291194.61985	-1291174.67	-1291163.293	-1291152.03675	-1291131.8118	689.083486183008
superscaffold8.64.1	-1331360.22388562	11.8617478173685	-1331383.509225	-1331368.25475	-1331360.21	-1331352.28875	-1331336.92685	826.599117716982
superscaffold8.63.1	-1274875.97039146	14.9090294302083	-1274904.272275	-1274885.911	-1274876.237	-1274865.95875	-1274845.5354	574.580888963151
superscaffold8.62.1	-1375853.77907146	16.0706340014541	-1375886.54495	-1375864.19375	-1375852.77	-1375842.4805	-1375824.3085	803.82909727166
superscaffold8.61.1	-1291849.03514062	12.7236558353085	-1291875.486175	-1291857.2435	-1291848.7075	-1291840.748	-1291824.14895	1048.91330094807
superscaffold8.60.1	-1301666.81977	10.9359901724293	-1301688.60425	-1301674.112	-1301666.796	-1301659.53775	-1301645.626525	2259.7310337215
superscaffold8.59.1	-1345714.45112458	13.262279229342	-1345739.87845	-1345723.23375	-1345714.713	-1345705.702	-1345687.9993	1408.42709225933
superscaffold8.58.1	-1407049.69216083	13.2508733148165	-1407075.057725	-1407058.49975	-1407049.773	-1407040.86325	-1407023.5019	781.068655859487
superscaffold8.57.1	-1342696.68527417	16.0943679131325	-1342729.030075	-1342707.1595	-1342696.7805	-1342685.58025	-1342665.70715	675.860225798118
superscaffold8.56.1	-1356535.91608708	14.9411698195037	-1356565.8915	-1356545.7005	-1356535.7465	-1356525.6365	-1356507.1679	371.277545013451
superscaffold8.55.1	-1418669.10669375	11.175201305122	-1418691.2726	-1418676.65325	-1418669.103	-1418661.5865	-1418647.400425	1512.66719314105
superscaffold8.54.1	-1380924.96993646	14.7846323140808	-1380955.199675	-1380934.345	-1380924.347	-1380914.96	-1380897.1964	433.768462933212
superscaffold8.53.1	-1344769.1958775	13.9933168382877	-1344796.413225	-1344778.7875	-1344769.181	-1344759.691	-1344742.193475	749.256037459819
superscaffold8.52.1	-1267720.64353729	13.7190868124832	-1267747.88995	-1267729.88975	-1267720.655	-1267711.3195	-1267694.144925	1360.68854524918
superscaffold8.51.1	-1337774.99762062	15.5382107390081	-1337805.3226	-1337785.43975	-1337774.8835	-1337764.2575	-1337745.136625	857.612960858941
superscaffold8.50.1	-1354037.83427438	15.0531023140633	-1354067.826075	-1354048.05925	-1354037.736	-1354027.40925	-1354008.907025	1112.86258619688
superscaffold8.49.1	-1393246.21109771	12.9770973150776	-1393271.898675	-1393254.821	-1393246.33	-1393237.27625	-1393221.2345	266.746054354418
superscaffold8.48.1	-1378028.31666708	16.7878177946732	-1378061.419425	-1378039.28525	-1378028.3755	-1378017.111	-1377995.438725	884.326166402454
superscaffold8.47.1	-1361919.51718562	16.1823886305176	-1361952.301325	-1361930.21575	-1361919.5555	-1361908.55	-1361888.518125	590.925655598858
superscaffold8.46.1	-1389582.20417104	11.938822644865	-1389605.256075	-1389590.44975	-1389582.242	-1389573.9965	-1389559.002425	1802.48961903093
superscaffold8.45.1	-1291301.38740312	11.1889592618715	-1291321.94005	-1291309.0175	-1291301.9765	-1291294.44725	-1291277.540575	2203.78512772375
superscaffold8.44.1	-1283469.74513187	10.6868211466055	-1283492.085625	-1283476.51025	-1283469.4765	-1283462.5	-1283449.9696	1839.77599106959
superscaffold8.43.1	-1294399.27841271	11.8705256491692	-1294424.014375	-1294406.9665	-1294398.803	-1294390.954	-1294377.347125	1778.67149080307
superscaffold8.42.1	-1348085.55503667	10.474077111322	-1348106.25815	-1348092.70225	-1348085.3075	-1348078.21425	-1348066.1297	2425.33133432677
superscaffold8.41.1	-1375014.06782562	17.1634043718419	-1375049.402425	-1375025.5135	-1375013.13	-1375001.7195	-1374983.330625	147.83307379747
superscaffold8.40.1	-1393754.62212208	13.5189725430523	-1393782.538475	-1393763.544	-1393754.1865	-1393745.40875	-1393728.9897	1165.75791392712
superscaffold8.39.1	-1314597.31900792	16.3878378875571	-1314629.41385	-1314608.51725	-1314597.259	-1314586.57675	-1314565.33835	992.532512785051
superscaffold8.38.1	-1315336.4871975	13.122257404757	-1315362.1408	-1315345.4885	-1315336.166	-1315327.61275	-1315310.93585	1295.99091894897
superscaffold8.37.1	-1302352.72067583	14.953875942804	-1302382.768425	-1302362.971	-1302352.904	-1302342.43825	-1302323.88675	1412.75038427758
superscaffold8.36.1	-1275180.91585125	16.0546651320062	-1275212.723275	-1275191.91225	-1275180.318	-1275169.58875	-1275151.190925	587.482969189844
superscaffold8.35.1	-1362096.37619813	14.8666508324938	-1362126.0761	-1362106.6215	-1362096.015	-1362085.83525	-1362068.55065	613.062514906438
superscaffold8.34.1	-1301771.41190708	11.2273246248904	-1301793.982925	-1301778.40725	-1301770.8955	-1301763.57375	-1301750.75675	1486.39733158329
superscaffold8.33.1	-1333220.3267925	15.284828784372	-1333249.63425	-1333230.88225	-1333220.2875	-1333210.032	-1333190.136475	655.339458108118
superscaffold8.32.1	-1296673.27098146	13.6216149860115	-1296700.0557	-1296682.2755	-1296673.383	-1296663.96	-1296646.7619	842.069545729528
superscaffold8.31.1	-1326003.59829625	12.8735257821591	-1326028.4245	-1326012.09925	-1326003.7945	-1325995.09975	-1325977.59045	668.348745249158
superscaffold8.30.1	-1325131.34753583	13.1917635827125	-1325157.586425	-1325139.905	-1325131.1845	-1325122.39275	-1325106.0517	1492.04411908628
superscaffold8.29.1	-1306718.30941646	14.9278927827764	-1306747.642925	-1306728.6685	-1306718.173	-1306708.23725	-1306689.17	491.021858033657
superscaffold8.28.1	-1296704.47779792	14.7292718068343	-1296734.018225	-1296714.084	-1296704.631	-1296694.293	-1296676.05565	743.181648415055
superscaffold8.27.1	-1213379.44901146	11.189693805666	-1213401.599025	-1213386.94025	-1213379.4635	-1213371.894	-1213357.387325	924.081727791744
superscaffold8.26.1	-1354698.52591708	15.9298847593751	-1354726.4633	-1354709.923	-1354699.4015	-1354688.125	-1354665.531525	350.202340336277
superscaffold8.25.1	-1320459.95684229	12.2853195711092	-1320484.9092	-1320468.03625	-1320459.26	-1320451.6345	-1320437.34835	138.509840676358
superscaffold8.24.1	-1264047.42902354	21.4416835818174	-1264089.67245	-1264061.9755	-1264048.1455	-1264032.075	-1264005.614575	101.946516409067
superscaffold8.23.1	-1228563.41050125	18.9911177214733	-1228602.091325	-1228575.89625	-1228562.8855	-1228549.63	-1228528.5561	158.433122543394
superscaffold8.22.1	-1340501.84393583	16.1451443013875	-1340536.689425	-1340511.76875	-1340501.138	-1340490.86525	-1340471.860675	433.314860342871
superscaffold8.21.1	-1421244.49003708	13.8109082805873	-1421271.747275	-1421253.70775	-1421244.2735	-1421235.08375	-1421217.794375	894.801818494912
superscaffold8.20.1	-1316552.81305604	16.4396739862154	-1316585.94425	-1316563.35025	-1316552.4335	-1316541.585	-1316521.864675	516.674053573897
superscaffold8.19.1	-1424901.02041375	15.9345186846294	-1424933.19705	-1424911.47675	-1424900.823	-1424890.093	-1424870.640625	471.641919228284
superscaffold8.18.1	-1385962.16991875	15.6989931201749	-1385991.739925	-1385973.03425	-1385962.4625	-1385951.7035	-1385930.5165	365.348346342412
superscaffold8.17.1	-1333369.26495479	16.9034761314692	-1333401.183225	-1333380.5175	-1333369.731	-1333358.40175	-1333334.33555	524.213171602614
superscaffold8.16.1	-1310993.3719375	14.0990465361612	-1311021.6097	-1311002.659	-1310993.018	-1310983.875	-1310966.186075	531.415574769993
superscaffold8.15.1	-1321094.96291771	12.0808647462085	-1321119.120625	-1321103.12025	-1321094.7885	-1321086.73125	-1321072.064725	648.76480640969
superscaffold8.14.1	-1274687.92709521	11.2978168529292	-1274709.298175	-1274695.52	-1274688.1115	-1274680.23525	-1274665.950425	1584.99364505855
superscaffold8.13.1	-1224362.00035333	14.3179230177186	-1224390.46085	-1224371.68525	-1224361.312	-1224351.97675	-1224334.879825	811.386153001425
superscaffold8.12.1	-1315790.93799	10.7974448800732	-1315812.0773	-1315798.21725	-1315791.066	-1315783.612	-1315769.859825	1241.25259482125
superscaffold8.11.1	-1296927.42233146	14.1759285440875	-1296955.352475	-1296936.9005	-1296927.343	-1296917.817	-1296899.89695	1021.90954873147
superscaffold8.10.1	-1305310.405495	15.7015149417798	-1305341.5029	-1305320.876	-1305310.0875	-1305299.321	-1305280.447975	629.474503129977
superscaffold8.9.1	-1300561.96875458	16.0201100909677	-1300591.886025	-1300573.27525	-1300562.57	-1300551.39875	-1300528.73795	377.123671795658
superscaffold8.8.1	-1371760.12682979	15.2249621502436	-1371790.29015	-1371770.538	-1371759.971	-1371749.5655	-1371731.18335	681.994687402847
superscaffold8.7.1	-1378303.90826	10.7394520110151	-1378325.08425	-1378311.09375	-1378303.914	-1378296.54625	-1378283.225525	2867.87610280037
superscaffold8.6.1	-1385061.97825708	12.8577242949748	-1385087.277625	-1385070.421	-1385061.894	-1385053.24425	-1385037.48645	957.384322243225
superscaffold8.5.1	-1292389.69636333	18.8602581996941	-1292427.087425	-1292402.16975	-1292389.349	-1292376.8585	-1292353.37255	923.785916591276
superscaffold8.4.1	-1220183.84030521	17.2615923562997	-1220221.8517	-1220194.2995	-1220182.458	-1220171.878	-1220153.791125	246.324720871812
superscaffold8.3.1	-1243269.27511979	14.7852141330533	-1243299.401925	-1243278.90775	-1243268.863	-1243259.1295	-1243241.191125	626.618736558284
superscaffold8.2.1	-1296662.27123563	12.1778948536517	-1296687.476975	-1296670.1205	-1296662.098	-1296654.0085	-1296639.37285	1522.99544745536
superscaffold8.1.1	-1301828.89005979	19.1127080848595	-1301865.2982	-1301842.18075	-1301828.9385	-1301815.7915	-1301791.4317	343.962092372993
