scaffold	mean	SD	2.5	25	50	75	97.5	ESS
superscaffold92.16.1	-533604.1409875	10.6412833384923	-533624.083675	-533611.35225	-533604.2145	-533597.34425	-533581.95315	1909.90959745912
superscaffold92.15.1	-807675.189763333	12.1723342824605	-807699.3556	-807683.33025	-807674.972	-807666.81875	-807652.13495	1680.73783903725
superscaffold92.14.1	-770533.95552375	12.5569869562965	-770559.91055	-770541.88725	-770533.604	-770525.242	-770511.139025	264.003337248517
superscaffold92.13.1	-768726.599616875	12.3341224857772	-768750.97505	-768734.8225	-768726.4965	-768718.40775	-768702.9273	1876.02935820392
superscaffold92.12.1	-710969.085770833	12.5833516375669	-710994.6201	-710977.479	-710968.3885	-710960.39425	-710945.482575	258.813289443054
superscaffold92.11.1	-654837.751760208	11.9276851513967	-654863.019825	-654845.62925	-654836.7275	-654829.16975	-654816.619475	174.768808399197
superscaffold92.10.1	-751910.049251458	11.4654146325867	-751933.543475	-751917.457	-751909.5365	-751901.89075	-751889.01995	1818.99719792183
superscaffold92.9.1	-641980.17082625	11.9382329539652	-642004.63525	-641988.06975	-641979.8675	-641971.8615	-641957.93535	1840.07854420676
superscaffold92.8.1	-613249.315096458	13.7557283110508	-613276.9552	-613258.63525	-613248.6535	-613239.55375	-613224.45905	657.246556921519
superscaffold92.7.1	-715670.948774167	10.8027252509698	-715693.512775	-715677.87125	-715670.736	-715663.68225	-715650.753375	882.448092807092
superscaffold92.6.1	-694887.209306042	14.7712245863744	-694915.55525	-694897.61425	-694887.187	-694876.866	-694858.859575	1006.11213413438
superscaffold92.5.1	-740804.039346667	11.9745406403607	-740827.643525	-740812.053	-740803.8015	-740796.0195	-740780.623875	1151.05806567287
superscaffold92.4.1	-729082.418206875	13.1613014633634	-729107.4541	-729091.2025	-729082.8445	-729073.3765	-729056.6021	672.551286090933
superscaffold92.3.1	-723702.924266458	11.1098123632238	-723725.84405	-723710.259	-723702.6665	-723695.11375	-723682.2496	1357.18537341021
superscaffold92.2.1	-548939.749762917	10.9482759342711	-548963.8579	-548946.27925	-548939.1595	-548932.3665	-548919.767025	701.559680757338
superscaffold92.1.1	-472910.231349583	9.24228684092233	-472928.521975	-472916.16725	-472910.327	-472904.45075	-472891.317425	2373.31993000181
superscaffold83.4.1	-217079.290728333	5.52712832168967	-217090.375075	-217082.65625	-217079.135	-217075.8055	-217068.569675	4306.90373916623
superscaffold83.3.1	-741526.07432875	15.6260732123518	-741556.875375	-741536.4745	-741526.187	-741515.3485	-741495.46065	381.88414613807
superscaffold83.2.1	-573067.406090417	11.9397248445581	-573090.329225	-573075.02025	-573067.6815	-573059.75425	-573043.514825	896.91238068647
superscaffold83.1.1	-621883.703205417	12.706871849398	-621908.3006	-621892.47625	-621883.8295	-621875.5885	-621857.606875	1048.33861436568
superscaffold88.2.1	-339966.93258375	10.5609403393787	-339988.58815	-339973.86025	-339966.716	-339959.59275	-339947.476575	806.564903383438
superscaffold88.1.1	-675237.255012083	13.3166637519409	-675264.8215	-675246.247	-675236.71	-675227.7395	-675213.061775	603.675543429152
superscaffold63.11.1	-349147.87126625	9.80653031067912	-349168.53345	-349154.024	-349147.1395	-349141.18825	-349130.223825	1128.08273195208
superscaffold63.10.1	-851071.952784792	13.0802771614628	-851098.5912	-851080.60475	-851071.4335	-851062.8935	-851047.2909	1330.56576529712
superscaffold63.9.1	-828630.88186875	12.0811402498126	-828654.98695	-828638.8265	-828630.5685	-828622.4235	-828608.0748	2038.54666506327
superscaffold63.8.1	-721170.038540417	11.4794294020105	-721193.3185	-721177.5825	-721169.9615	-721162.22775	-721147.58995	2192.08420307067
superscaffold63.7.1	-778469.83279625	11.836170968915	-778493.4099	-778477.7455	-778469.7525	-778461.86125	-778446.48335	2197.73722952335
superscaffold63.6.1	-807610.457804583	15.6410696622117	-807642.919325	-807620.491	-807610.08	-807599.84875	-807581.0126	650.381209096674
superscaffold63.5.1	-713201.990329583	10.3919985533597	-713222.091775	-713208.85675	-713202.109	-713195.132	-713181.53065	2318.8612801788
superscaffold63.4.1	-630329.184730208	12.0021583978831	-630351.3778	-630337.31625	-630329.649	-630321.55275	-630304.033775	563.264499341348
superscaffold63.3.1	-669992.099783542	14.5989578107861	-670019.219725	-670002.08625	-669993.269	-669982.89275	-669961.2168	303.728726888505
superscaffold63.2.1	-841882.895821667	11.2431771168958	-841906.048025	-841890.22825	-841882.4315	-841874.97925	-841862.159225	1788.51265825682
superscaffold63.1.1	-883931.907049792	13.4757100372163	-883959.287225	-883940.8405	-883931.686	-883922.5645	-883906.0784	1605.4965917632
superscaffold93.29.1	-249931.891478958	5.56884872168309	-249943.272075	-249935.45425	-249931.875	-249928.23225	-249920.6816	1814.97062043812
superscaffold93.28.1	-839850.33018	9.66120104675698	-839869.2475	-839856.741	-839850.273	-839843.72825	-839831.437925	3203.3065259541
superscaffold93.27.1	-762952.632972292	11.0429013116157	-762973.78865	-762960.0775	-762953.086	-762945.4835	-762930.3451	42.1127903625923
superscaffold93.26.1	-832188.879030208	11.5410420256327	-832212.52425	-832196.43225	-832188.4175	-832181.21425	-832166.81085	1649.74565453272
superscaffold93.25.1	-876406.277971458	11.9574109361562	-876430.9997	-876413.99025	-876405.8	-876398.21875	-876384.3025	1398.80671781539
superscaffold93.24.1	-801403.414483125	11.843387156676	-801426.373275	-801411.49275	-801403.621	-801395.36375	-801380.151475	1715.08399442663
superscaffold93.23.1	-674506.670097917	12.1408016233136	-674534.89065	-674513.4125	-674505.0455	-674498.383	-674486.5259	406.141769030405
superscaffold93.22.1	-777864.528140417	11.1268333629601	-777888.353725	-777871.4755	-777863.9065	-777856.93825	-777844.1468	1596.97727736083
superscaffold93.21.1	-746973.127480833	9.54703878374255	-746992.91035	-746979.279	-746972.9275	-746966.706	-746954.70985	2599.54926886583
superscaffold93.20.1	-774845.407189167	9.82118717991325	-774864.8344	-774852.011	-774845.3775	-774838.73675	-774826.17095	977.89953483248
superscaffold93.19.1	-834490.35575125	10.6389882359027	-834511.5498	-834497.50675	-834490.1405	-834482.9845	-834470.3076	2310.023344224
superscaffold93.18.1	-752714.312882083	13.3856128224943	-752742.158925	-752722.92975	-752713.739	-752705.35325	-752689.093975	1170.27583991809
superscaffold93.17.1	-635915.41240625	9.16028658808707	-635933.55895	-635921.60725	-635915.1245	-635909.206	-635897.594725	2583.21339259982
superscaffold93.16.1	-542332.309702917	11.4739781586885	-542356.695075	-542339.81625	-542331.4605	-542323.79675	-542312.183475	861.800813693221
superscaffold93.15.1	-404137.618800208	11.3269838829787	-404161.45845	-404144.97825	-404137.075	-404129.6345	-404117.394525	95.589582542721
superscaffold93.14.1	-624620.935544792	12.3544968854778	-624644.868625	-624629.39225	-624621.226	-624612.6285	-624596.55405	1267.3360535096
superscaffold93.13.1	-513891.5603675	12.1863041961533	-513917.64135	-513899.5625	-513890.6995	-513882.99625	-513870.337575	559.044955269644
superscaffold93.12.1	-523842.463227708	12.4914966474913	-523867.33875	-523850.7975	-523842.0895	-523833.98975	-523819.083975	1289.30219734999
superscaffold93.11.1	-429865.498596042	18.2134262105827	-429898.478025	-429878.71125	-429866.182	-429853.51	-429828.71665	108.248236796805
superscaffold93.10.1	-403501.084375417	10.5951589130167	-403520.8195	-403509.15725	-403501.295	-403492.86825	-403481.607475	518.878081244671
superscaffold93.9.1	-584333.420333958	18.1191789864169	-584366.07245	-584346.97725	-584334.263	-584320.3965	-584297.719925	184.221066757404
superscaffold93.8.1	-726738.869645	14.7604923327515	-726768.30335	-726748.947	-726738.1935	-726728.65475	-726711.529225	212.240951085613
superscaffold93.7.1	-784918.161168125	8.21691907565802	-784934.85215	-784923.70525	-784917.848	-784912.38975	-784903.232775	3660.33564458321
superscaffold93.6.1	-806033.744085208	10.935569096452	-806056.241725	-806040.6465	-806033.3355	-806026.45075	-806013.513725	1142.32260984073
superscaffold93.5.1	-806661.897510833	14.7878252084966	-806693.0502	-806671.7315	-806660.891	-806651.6985	-806635.362375	604.117140601614
superscaffold93.4.1	-626265.384283542	12.2997964199877	-626291.54625	-626273.47025	-626264.804	-626256.4285	-626243.264525	827.249584008055
superscaffold93.3.1	-628499.422297708	13.2477696881973	-628526.864425	-628507.9725	-628498.839	-628490.48975	-628474.14045	988.713650619979
superscaffold93.2.1	-620561.304326042	11.7537257776734	-620584.797725	-620569.04925	-620561.0085	-620553.47425	-620538.467325	1022.40529724346
superscaffold93.1.1	-750061.604217292	14.001769922996	-750087.976125	-750071.162	-750062.145	-750052.28925	-750033.225425	454.261427841465
superscaffold69-1.31.1	-568054.847165833	10.5298637819143	-568077.58835	-568061.4735	-568054.4185	-568047.662	-568035.25	1273.83870575658
superscaffold69-1.30.1	-755679.587105625	14.2053124327861	-755707.4121	-755689.29425	-755679.518	-755669.4655	-755653.020875	252.338561990587
superscaffold69-1.29.1	-740720.4412475	11.7735847576253	-740744.292325	-740728.29525	-740720.0335	-740712.26025	-740698.04675	1551.74523972245
superscaffold69-1.28.1	-787160.782887917	9.87014645035114	-787180.55005	-787167.3865	-787160.6125	-787153.8305	-787142.46395	793.393631677951
superscaffold69-1.27.1	-812610.837209792	9.86263815434635	-812631.492325	-812617.438	-812610.289	-812604.103	-812592.53725	1580.83439718007
superscaffold69-1.26.1	-798159.112346667	12.2220681985861	-798184.925025	-798166.93	-798158.638	-798150.478	-798137.22695	1185.84252718856
superscaffold69-1.25.1	-773996.251064375	11.701848124643	-774019.9404	-774003.98725	-773996.0345	-773988.12725	-773974.216225	1866.22099678147
superscaffold69-1.24.1	-866609.023834792	12.173637857534	-866633.095075	-866617.34975	-866608.742	-866600.7425	-866585.997525	1980.69516874547
superscaffold69-1.23.1	-782664.542670833	12.7367576917526	-782689.465175	-782672.96325	-782664.706	-782655.89775	-782640.014625	1716.73438659714
superscaffold69-1.22.1	-825881.27183	11.8986096563236	-825905.158725	-825889.13	-825881.266	-825873.37675	-825857.956625	1426.21555453514
superscaffold69-1.21.1	-863821.002685833	10.1606775211661	-863840.6904	-863827.805	-863821.0465	-863814.2225	-863800.6191	2861.55516411805
superscaffold69-1.20.1	-710444.361266042	9.03043564283604	-710463.129225	-710450.2895	-710443.891	-710438.178	-710427.34675	4110.43154857333
superscaffold69-1.19.1	-805614.632368958	9.98752947664148	-805633.866375	-805621.4695	-805614.646	-805608.223	-805594.3239	3204.90835751218
superscaffold69-1.18.1	-856063.999110417	11.840955871232	-856087.988125	-856071.715	-856063.9595	-856056.1995	-856040.418525	1408.62893176407
superscaffold69-1.17.1	-823111.859755208	11.246535013312	-823133.916475	-823119.26825	-823111.812	-823104.21975	-823090.0034	2576.87431440646
superscaffold69-1.16.1	-924695.91587375	13.2619056083251	-924722.05135	-924705.11475	-924695.899	-924686.6905	-924670.050725	1097.57651244483
superscaffold69-1.15.1	-824804.623303958	12.0307612115334	-824828.7421	-824812.706	-824804.463	-824796.4395	-824781.693225	502.691713665724
superscaffold69-1.14.1	-805157.573086458	12.830925627444	-805182.959725	-805166.4695	-805157.5375	-805148.30775	-805133.45435	291.761758215696
superscaffold69-1.13.1	-774306.027494167	11.25952676108	-774328.023575	-774313.43925	-774306.0975	-774298.4145	-774283.7412	1998.14433037564
superscaffold69-1.12.1	-645767.589166458	12.6235807290734	-645793.467925	-645775.79975	-645767.2915	-645758.9945	-645743.94215	1306.38144510483
superscaffold69-1.11.1	-690415.820274583	9.62659082153196	-690434.118325	-690422.647	-690416.1075	-690409.1625	-690397.1272	1245.26131887828
superscaffold69-1.10.1	-747075.826657708	10.1370291463657	-747095.393575	-747082.6375	-747075.774	-747069.12375	-747055.8507	2630.51667366985
superscaffold69-1.9.1	-763767.622072083	11.5648603084862	-763791.08695	-763775.15125	-763767.5405	-763759.43125	-763745.946	1599.17173480939
superscaffold69-1.8.1	-736894.722322708	12.361630202283	-736918.732875	-736903.15625	-736894.6175	-736886.318	-736871.36315	1770.43045710057
superscaffold69-1.7.1	-764440.631950833	11.7292747885133	-764463.83225	-764448.541	-764440.4965	-764432.53075	-764417.949125	758.238140052508
superscaffold69-1.6.1	-714001.402015208	11.9013249042418	-714024.811225	-714009.428	-714001.3915	-713993.28475	-713978.774575	1077.08198180807
superscaffold69-1.5.1	-744244.711898125	11.5385630206361	-744267.366025	-744252.27725	-744244.6505	-744236.78975	-744222.595025	1814.52275375971
superscaffold69-1.4.1	-760068.798856458	14.3434297893829	-760096.051475	-760078.68925	-760068.958	-760058.68975	-760041.312175	504.303123850061
superscaffold69-1.3.1	-880798.803055417	16.9268213226531	-880833.246125	-880809.423	-880798.5965	-880787.43875	-880766.4178	980.561745976123
superscaffold69-1.2.1	-819689.732458542	11.9331006226224	-819713.24645	-819697.73125	-819689.553	-819681.451	-819667.31575	1995.13029253867
superscaffold69-1.1.1	-804463.762998125	10.8003726371872	-804485.1871	-804471.09825	-804463.304	-804456.21825	-804443.540325	1546.71919797421
superscaffold67.18.1	-197628.389887708	7.40732063532219	-197645.958375	-197632.571	-197627.5385	-197623.29725	-197615.97535	3584.11480719589
superscaffold67.17.1	-702082.1433225	10.6336525067469	-702105.1518	-702088.73875	-702081.7545	-702074.977	-702062.367825	1008.63466125309
superscaffold67.16.1	-760452.267667292	8.55917499166533	-760469.29885	-760457.6985	-760452.292	-760446.77975	-760435.6404	3177.86228487531
superscaffold67.15.1	-795134.073473333	10.7686406814218	-795156.086175	-795140.92	-795133.8445	-795126.75275	-795113.874	853.807122165071
superscaffold67.14.1	-796006.267962292	13.1151671768333	-796033.1627	-796014.84925	-796005.9995	-795997.18925	-795981.63525	1574.1643338354
superscaffold67.13.1	-758793.013364167	11.0466588492022	-758816.9283	-758799.6485	-758792.337	-758785.5775	-758772.513375	1232.04387294563
superscaffold67.12.1	-887784.023565208	13.4012619053538	-887811.6444	-887792.801	-887783.3275	-887774.619	-887759.619925	863.031245359359
superscaffold67.11.1	-816406.49965125	13.6771069934082	-816433.546375	-816415.80675	-816406.641	-816397.383	-816379.51085	1065.55665966681
superscaffold67.10.1	-876959.89526625	9.99858278798647	-876979.5187	-876966.542	-876960.081	-876953.33525	-876940.002225	2164.77412149252
superscaffold67.9.1	-884213.169384375	15.1494748405244	-884243.103025	-884223.27875	-884213.241	-884202.41075	-884184.4877	602.014513128495
superscaffold67.8.1	-840639.265211458	13.439100045687	-840665.60405	-840648.35975	-840638.9605	-840629.6485	-840614.6698	583.629338409433
superscaffold67.7.1	-774161.602480625	13.6905600786134	-774188.243475	-774170.98075	-774161.2895	-774152.2295	-774135.811825	1281.77752996492
superscaffold67.6.1	-667066.5138	14.110880818771	-667093.439575	-667076.265	-667066.609	-667057.12525	-667038.32795	1296.41824902285
superscaffold67.5.1	-635644.834403542	8.87864881401023	-635661.7915	-635650.9365	-635645.086	-635638.88125	-635626.817975	1220.66451565479
superscaffold67.4.1	-687732.049587708	13.768825110508	-687759.961475	-687741.12225	-687731.58	-687722.3245	-687706.046775	265.794917744235
superscaffold67.3.1	-719847.530181667	12.965433265461	-719874.540525	-719855.7605	-719847.148	-719838.49025	-719823.042725	880.164790233742
superscaffold67.2.1	-741684.451209583	12.1346718724751	-741708.629125	-741692.78825	-741684.3485	-741676.07	-741661.517975	2113.66341322846
superscaffold67.1.1	-678550.202215208	10.930460569979	-678573.4473	-678557.0725	-678549.21	-678543.0165	-678530.704575	552.19708763103
superscaffold62.9.1	-296758.099949167	7.30199595602303	-296772.753975	-296762.7895	-296757.878	-296753.15775	-296744.42575	4106.18132728324
superscaffold62.8.1	-618953.420368958	11.1968624706947	-618975.5044	-618961.093	-618953.562	-618945.5725	-618931.646175	1637.64274021788
superscaffold62.7.1	-719550.734073333	16.5691778365137	-719581.84375	-719562.96825	-719550.5165	-719538.41975	-719519.717075	395.115197896888
superscaffold62.6.1	-675058.9836225	12.0198424768266	-675083.1401	-675067.16225	-675058.8485	-675050.85275	-675036.047975	2079.42296283629
superscaffold62.5.1	-408182.784043125	10.1937789899461	-408204.132375	-408189.4655	-408182.458	-408175.8125	-408163.425725	2182.40196908459
superscaffold62.4.1	-531457.9303625	9.84513046270692	-531478.14075	-531464.3505	-531457.6965	-531451.143	-531439.205775	1848.65101596556
superscaffold62.3.1	-690097.539738333	13.0240079791544	-690123.984675	-690105.91975	-690097.403	-690088.87325	-690072.43245	418.84917735847
superscaffold62.2.1	-828644.068732083	15.7827256883492	-828675.912475	-828654.833	-828643.9505	-828633.1615	-828613.528825	363.189305830513
superscaffold62.1.1	-658547.726145833	12.1226996940982	-658571.8318	-658555.91475	-658547.4385	-658539.20725	-658524.85755	1617.66113087872
superscaffold36.12.1	-365721.654024792	5.98503760217171	-365734.686525	-365725.2155	-365721.2105	-365717.4655	-365711.565375	4246.45067732068
superscaffold36.11.1	-855848.786238125	14.6056704707933	-855877.6395	-855858.15175	-855848.9535	-855839.00325	-855820.129775	910.166362980873
superscaffold36.10.1	-746753.853533125	15.8403893061517	-746787.586	-746763.83275	-746752.9595	-746742.979	-746725.40035	634.442286593672
superscaffold36.9.1	-721318.144891458	16.5908976016454	-721350.948575	-721329.522	-721317.657	-721306.78975	-721286.41185	426.006376793505
superscaffold36.8.1	-716453.46946875	10.8461632960078	-716476.569175	-716460.30225	-716452.7685	-716445.8975	-716434.55685	1057.51851803368
superscaffold36.7.1	-783873.256674167	11.9231269219222	-783897.346225	-783881.0625	-783873.01	-783865.08	-783850.742925	589.924914815668
superscaffold36.6.1	-793259.047759583	15.6440323412029	-793290.663925	-793269.392	-793258.917	-793248.3015	-793229.3899	440.613080884963
superscaffold36.5.1	-828341.132645833	15.9389963842203	-828374.2613	-828351.363	-828340.8755	-828330.4645	-828310.287675	510.207616932866
superscaffold36.4.1	-628169.972588125	16.7189693180993	-628202.853425	-628182.53425	-628168.664	-628157.709	-628140.506975	83.8878434222545
superscaffold36.3.1	-636298.1211525	19.821595081417	-636338.200375	-636311.8745	-636296.7735	-636283.64725	-636262.86905	107.492069522255
superscaffold36.2.1	-650241.968012708	12.2550027074285	-650268.030375	-650249.672	-650241.1555	-650233.552	-650219.869775	387.020866381925
superscaffold36.1.1	-672337.552300833	12.0430100466735	-672361.6672	-672345.515	-672337.5615	-672329.401	-672314.145325	1774.18274251092
