scaffold	mean	SD	2.5	25	50	75	97.5	ESS
superscaffold35.34.1	19.974375	1.68663205164647	17	19	20	21	24	1512.0376652424
superscaffold35.33.1	36.5866666666667	3.08103876782908	31	34	36	39	43	844.933840445856
superscaffold35.32.1	42.8945833333333	3.31265354487453	37	41	43	45	50	1265.59267123402
superscaffold35.31.1	30.9910416666667	3.2511275166534	25	29	31	33	38	458.653531335349
superscaffold35.30.1	35.3960416666667	2.54380766720524	31	34	35	37	41	2431.60322755493
superscaffold35.29.1	37.9877083333333	3.06273485958243	32	36	38	40	44	1867.16528234483
superscaffold35.28.1	47.1558333333333	3.11699482419234	41	45	47	49	53	591.237963924447
superscaffold35.27.1	38.494375	2.83364744641846	34	36	38	40	44	1359.83538881911
superscaffold35.26.1	45.5779166666667	3.60808921829575	39	43	45	48	53	517.872836964941
superscaffold35.25.1	46.0122916666667	2.65233032947143	41	44	46	48	51	1462.87807875219
superscaffold35.24.1	33.4610416666667	2.60965854684565	29	32	33	35	39	1006.1544226578
superscaffold35.23.1	38.96875	2.58037347213117	34	37	39	41	44	1881.9711179799
superscaffold35.22.1	31.5072916666667	3.00952661151814	26	29	31	33	37	1859.6384270619
superscaffold35.21.1	28.8358333333333	2.65454340343069	24	27	29	31	34	2584.86253595273
superscaffold35.20.1	34.7210416666667	3.07215020040662	29	33	35	37	41	1359.30587554355
superscaffold35.19.1	33.6	3.11888493172431	28	31	34	36	40	1146.67602536948
superscaffold35.18.1	46.2072916666667	3.21840743931529	40	44	46	48	53	1371.68991899327
superscaffold35.17.1	40.86375	2.86658586906041	36	39	41	43	47	1497.15634699098
superscaffold35.16.1	37.069375	2.65278687591029	32	35	37	39	43	3851.15144629626
superscaffold35.15.1	42.926875	2.86347445607898	38	41	43	45	49	1840.43271171035
superscaffold35.14.1	32.2627083333333	3.46084353366437	26	30	32	35	39	1336.48300083786
superscaffold35.13.1	37.7720833333333	3.12237918162378	32	36	38	40	44	1210.15056413819
superscaffold35.12.1	38.2875	2.89358568065109	33	36	38	40	44	2505.14199393085
superscaffold35.11.1	37.85	2.47091858082142	33	36	38	39	43	926.725951999611
superscaffold35.10.1	37.6833333333333	3.39160021286261	31	35	38	40	44	580.495407395758
superscaffold35.9.1	36.8685416666667	3.01576222445853	31	35	37	39	43	2294.52068531879
superscaffold35.8.1	36.3277083333333	2.93115827790102	31	34	36	38	42	1744.55697639758
superscaffold35.7.1	35.5647916666667	2.9264032826093	30	34	35	38	41	750.99891042392
superscaffold35.6.1	43.0610416666667	3.28588876411431	37	41	43	45	50	1288.07286424788
superscaffold35.5.1	43.26125	2.90799361411996	38	41	43	45	49	1344.38932024242
superscaffold35.4.1	41.66875	3.12506928449971	36	39	42	44	48	1385.13975969435
superscaffold35.3.1	47.1425	2.90871501637201	42	45	47	49	53	1877.15359833326
superscaffold35.2.1	37.02375	2.60112388952227	32	35	37	39	43	3243.02429339244
superscaffold35.1.1	33.5745833333333	2.84361072144648	28	32	33	35	39	1835.17159651287
superscaffold35.34.1	19.974375	1.68663205164647	17	19	20	21	24	1512.0376652424
superscaffold35.33.1	36.5866666666667	3.08103876782908	31	34	36	39	43	844.933840445856
superscaffold35.32.1	42.8945833333333	3.31265354487453	37	41	43	45	50	1265.59267123402
superscaffold35.31.1	30.9910416666667	3.2511275166534	25	29	31	33	38	458.653531335349
superscaffold35.30.1	35.3960416666667	2.54380766720524	31	34	35	37	41	2431.60322755493
superscaffold35.29.1	37.9877083333333	3.06273485958243	32	36	38	40	44	1867.16528234483
superscaffold35.28.1	47.1558333333333	3.11699482419234	41	45	47	49	53	591.237963924447
superscaffold35.27.1	38.494375	2.83364744641846	34	36	38	40	44	1359.83538881911
superscaffold35.26.1	45.5779166666667	3.60808921829575	39	43	45	48	53	517.872836964941
superscaffold35.25.1	46.0122916666667	2.65233032947143	41	44	46	48	51	1462.87807875219
superscaffold35.24.1	33.4610416666667	2.60965854684565	29	32	33	35	39	1006.1544226578
superscaffold35.23.1	38.96875	2.58037347213117	34	37	39	41	44	1881.9711179799
superscaffold35.22.1	31.5072916666667	3.00952661151814	26	29	31	33	37	1859.6384270619
superscaffold35.21.1	28.8358333333333	2.65454340343069	24	27	29	31	34	2584.86253595273
superscaffold35.20.1	34.7210416666667	3.07215020040662	29	33	35	37	41	1359.30587554355
superscaffold35.19.1	33.6	3.11888493172431	28	31	34	36	40	1146.67602536948
superscaffold35.18.1	46.2072916666667	3.21840743931529	40	44	46	48	53	1371.68991899327
superscaffold35.17.1	40.86375	2.86658586906041	36	39	41	43	47	1497.15634699098
superscaffold35.16.1	37.069375	2.65278687591029	32	35	37	39	43	3851.15144629626
superscaffold35.15.1	42.926875	2.86347445607898	38	41	43	45	49	1840.43271171035
superscaffold35.14.1	32.2627083333333	3.46084353366437	26	30	32	35	39	1336.48300083786
superscaffold35.13.1	37.7720833333333	3.12237918162378	32	36	38	40	44	1210.15056413819
superscaffold35.12.1	38.2875	2.89358568065109	33	36	38	40	44	2505.14199393085
superscaffold35.11.1	37.85	2.47091858082142	33	36	38	39	43	926.725951999611
superscaffold35.10.1	37.6833333333333	3.39160021286261	31	35	38	40	44	580.495407395758
superscaffold35.9.1	36.8685416666667	3.01576222445853	31	35	37	39	43	2294.52068531879
superscaffold35.8.1	36.3277083333333	2.93115827790102	31	34	36	38	42	1744.55697639758
superscaffold35.7.1	35.5647916666667	2.9264032826093	30	34	35	38	41	750.99891042392
superscaffold35.6.1	43.0610416666667	3.28588876411431	37	41	43	45	50	1288.07286424788
superscaffold35.5.1	43.26125	2.90799361411996	38	41	43	45	49	1344.38932024242
superscaffold35.4.1	41.66875	3.12506928449971	36	39	42	44	48	1385.13975969435
superscaffold35.3.1	47.1425	2.90871501637201	42	45	47	49	53	1877.15359833326
superscaffold35.2.1	37.02375	2.60112388952227	32	35	37	39	43	3243.02429339244
superscaffold35.1.1	33.5745833333333	2.84361072144648	28	32	33	35	39	1835.17159651287
superscaffold54.105.1	1.71208333333333	0.921383483566793	1	1	1	2	4	4800.00000000035
superscaffold54.104.1	28.394375	3.14590821754735	23	26	28	30	35	1154.36657491739
superscaffold54.103.1	38.42875	3.36739797757913	32	36	38	41	45	957.323427581798
superscaffold54.102.1	41.085625	3.22729968356699	35	39	41	43	48	302.554802900757
superscaffold54.101.1	47.9254166666667	3.88968799196836	40	45	48	50	56	439.024494158532
superscaffold54.100.1	49.2245833333333	4.00155989501438	42	46	49	52	57	542.724437810155
superscaffold54.99.1	39.383125	3.60420539733177	32	37	39	42	46	998.777614463541
superscaffold54.98.1	38.56625	2.92928863776128	33	37	39	40	44.0249999999996	486.575236278515
superscaffold54.97.1	47.8639583333333	3.06538338300147	42	46	48	50	54	425.938160824916
superscaffold54.96.1	45.7758333333333	2.48289823300908	41	44	46	47	51	1457.8202142827
superscaffold54.95.1	44.5591666666667	2.35277904100849	40	43	44	46	50	2068.96068464597
superscaffold54.94.1	44.6979166666667	2.72172536253874	40	43	45	46	50	2041.50908180538
superscaffold54.93.1	37.2214583333333	3.07879402676349	32	35	37	39	44	2045.03366728084
superscaffold54.92.1	41.925625	3.29011375732715	36	40	42	44	48	661.361912731566
superscaffold54.91.1	52.848125	2.68892456198803	48	51	53	55	58	1494.85735973545
superscaffold54.90.1	51.0747916666667	3.03765867767666	46	49	51	53	57	690.58318094036
superscaffold54.89.1	45.8689583333333	2.95773431672352	40	44	46	48	52	184.128195921255
superscaffold54.88.1	39.4739583333333	2.73580538959723	35	38	39	41	45	954.877758947641
superscaffold54.87.1	39.103125	2.99105957961977	34	37	39	41	45	683.552341084539
superscaffold54.86.1	35.9708333333333	2.66438765745902	31	34	36	38	42	1185.52474561124
superscaffold54.85.1	38.4877083333333	2.81162690290648	33	37	38	40	44	1522.42411468494
superscaffold54.84.1	43.79	2.95483541040157	38	42	44	46	50	1369.40940644284
superscaffold54.83.1	37.6625	2.57956327645371	33	36	38	39	43	698.315724867143
superscaffold54.82.1	48.8970833333333	2.39508592413937	45	47	49	50	54	809.029385765584
superscaffold54.81.1	44.2735416666667	2.74504762702084	39	42	44	46	50	1396.83636239453
superscaffold54.80.1	33.1658333333333	2.69564707676365	28	31	33	35	39	2253.76114168541
superscaffold54.79.1	33.9139583333333	2.70904363925668	29	32	34	36	40	2494.13144691062
superscaffold54.78.1	35.8408333333333	2.66534475292435	31	34	36	38	41	2713.75760520904
superscaffold54.77.1	37.498125	2.94203156405583	32	36	38	39	43	1757.01119512043
superscaffold54.76.1	32.3922916666667	3.00940786421515	27	30	32	34	38	1547.50317242867
superscaffold54.75.1	39.8135416666667	3.11086125699898	34	38	40	42	46	2331.45247609097
superscaffold54.74.1	44.2275	2.95755801399166	39	42	44	46	50	2501.1384431459
superscaffold54.73.1	47.214375	2.70083716367046	42	45	47	49	53	708.32121802596
superscaffold54.72.1	42.3191666666667	2.73215808147641	37	40	42	44	48	1446.68632185172
superscaffold54.71.1	38.6552083333333	2.74012918261485	34	37	39	40	44	1370.19344771333
superscaffold54.70.1	33.795625	2.85513645066337	29	32	34	36	40	287.874036378713
superscaffold54.69.1	33.0970833333333	3.35987499540073	27	31	33	35	40	1615.94005065427
superscaffold54.68.1	46.2979166666667	3.10703612923471	40	44	46	48	52	2163.1981740754
superscaffold54.67.1	42.985	2.97782734891425	37	41	43	45	49	1259.17237789842
superscaffold54.66.1	50.4429166666667	3.41815139261492	44	48	50	53	57	755.945530376348
superscaffold54.65.1	49.909375	3.03496255889639	44	48	50	52	56	1004.29652499949
superscaffold54.64.1	42.8425	2.95985960987842	37	41	43	45	49	1241.62958867035
superscaffold54.63.1	40.2333333333333	3.04890562648393	35	38	40	42	46	1823.27074552945
superscaffold54.62.1	38.1972916666667	2.9399832869917	33	36	38	40	44	1931.02505988771
superscaffold54.61.1	38.8527083333333	2.52476233272986	34	37	39	40	44	2919.45945190902
superscaffold54.60.1	49.2025	3.71575970445988	42	47	49	52	57	529.124565347952
superscaffold54.59.1	39.1895833333333	3.61226289907952	32.975	37	39	42	47	787.163007612102
superscaffold54.58.1	28.98375	2.98878686882834	23	27	29	31	35	1467.62498210852
superscaffold54.57.1	41.05	3.31502229042236	35	39	41	43	48	1538.58196467153
superscaffold54.56.1	42.7627083333333	2.82476784094072	37	41	43	45	48	731.599147894453
superscaffold54.55.1	46.6297916666667	2.82603691428428	41	45	47	48	52	1756.74253175899
superscaffold54.54.1	38.5325	2.68615840339291	33	37	39	40	44	1337.49315913478
superscaffold54.53.1	31.9345833333333	2.59157993369953	27	30	32	34	37	3709.71675152843
superscaffold54.52.1	35.0927083333333	2.49474316209402	30	33	35	37	40	498.35275500842
superscaffold54.51.1	45.27625	2.45720583015935	41	44	45	47	50	2257.73453445394
superscaffold54.50.1	46.690625	2.18261797820868	43	45	47	48	51	1434.69176273282
superscaffold54.49.1	30.74875	3.16191497244592	25	29	31	33	37	795.909408955296
superscaffold54.48.1	39.5866666666667	2.94811514819192	34	38	40	41	45	805.537813649397
superscaffold54.47.1	41.4835416666667	2.99720991990088	36	39	41	43	47	1881.47579974277
superscaffold54.46.1	35.3466666666667	2.91389049155304	30	33	35	37	41	2374.17071126989
superscaffold54.45.1	37.1235416666667	2.90882998685178	32	35	37	39	43	1790.6954927013
superscaffold54.44.1	40.5147916666667	3.29399074599937	34	38	40	43	47	1176.63865675734
superscaffold54.43.1	31.95125	2.72105971490475	27	30	32	34	38	3079.9053388493
superscaffold54.42.1	36.2029166666667	3.43984591789751	30	34	36	38	43	1549.47340607658
superscaffold54.41.1	40.3310416666667	2.86557099781215	35	38	40	42	46	1961.50908019918
superscaffold54.40.1	44.3002083333333	2.54954652745519	40	43	44	46	49.0249999999996	2277.13105824124
superscaffold54.39.1	41.3591666666667	3.79729114212478	34	39	41	44	49	476.144420145083
superscaffold54.38.1	35.55875	2.76432157039121	31	34	35	37	41	2220.1741766472
superscaffold54.37.1	46.73625	3.09588695610957	41	45	47	49	53	1194.16962285245
superscaffold54.36.1	43.3558333333333	3.01493941779791	38	41	43	45	49	2202.84346717245
superscaffold54.35.1	38.4402083333333	2.51674284319888	34	37	38	40	44	2021.95668403437
superscaffold54.34.1	43.4679166666667	2.83030732305881	38	42	43	45	49	1333.09667597459
superscaffold54.33.1	34.6179166666667	2.62027849291377	30	33	35	36	40	2309.8077479539
superscaffold54.32.1	37.2704166666667	2.54384347929441	33	36	37	39	42.0249999999996	2600.56811639695
superscaffold54.31.1	36.123125	2.50534885702468	32	34	36	38	42	3104.66206337359
superscaffold54.30.1	46.2666666666667	2.60149934595072	42	44	46	48	52	3125.25734462868
superscaffold54.29.1	37.3133333333333	3.01841078046828	32	35	37	39	44	2920.72391589943
superscaffold54.28.1	37.194375	3.05556134300369	32	35	37	39	43.0249999999996	1450.32258878769
superscaffold54.27.1	44.364375	3.35040213131951	38	42	44	47	51	760.788063922796
superscaffold54.26.1	36.2789583333333	2.80703558938914	31	34	36	38	42	1010.31551248201
superscaffold54.25.1	32.993125	2.65705950763822	28	31	33	35	39	2722.21441328633
superscaffold54.24.1	43.5858333333333	3.01799274307665	38	42	44	46	49	797.384760479316
superscaffold54.23.1	36.610625	2.82139217921272	32	35	36	38	42	1733.86157550442
superscaffold54.22.1	30.045625	3.22546546229017	24	28	30	32	37	1156.71946067794
superscaffold54.21.1	55.3389583333333	3.24904059738121	49	53	55	58	62	483.675466906716
superscaffold54.20.1	45.85375	2.68369050526851	41	44	46	48	51	1096.20316701281
superscaffold54.19.1	51.4077083333333	3.0905995439534	45	49	51	53	58	1104.45548742724
superscaffold54.18.1	40.6191666666667	2.59625440152027	36	39	40	42	46	3135.02107538723
superscaffold54.17.1	39.3275	2.78735759585307	35	37	39	41	45	2074.82037970199
superscaffold54.16.1	41.208125	3.19789350093162	35	39	41	43	48	1963.54264351055
superscaffold54.15.1	41.0827083333333	3.09366744232979	35	39	41	43	47	967.038587618768
superscaffold54.14.1	38.7627083333333	3.17098762067111	33	37	39	41	45	1436.62398235089
superscaffold54.13.1	40.9547916666667	2.9453305121374	35	39	41	43	47	1889.2301928928
superscaffold54.12.1	41.874375	2.77934992815403	37	40	42	44	48	1906.68171247336
superscaffold54.11.1	42.0872916666667	3.24586148067872	36	40	42	44	49	1403.83888358417
superscaffold54.10.1	47.946875	3.12093713802506	42	46	48	50	54	1350.02985502707
superscaffold54.9.1	38.4002083333333	2.2653794630526	35	37	38	40	43	2196.69993767961
superscaffold54.8.1	37.866875	2.65373068416365	33	36	38	40	43	795.748115947053
superscaffold54.7.1	45.52875	2.96046156426217	40	43	45	48	51	1458.81232005759
superscaffold54.6.1	32.5941666666667	3.31261509502671	26	30	32	35	39	1519.47157749847
superscaffold54.5.1	35.9645833333333	3.58558559811446	29	33	36	38	43	468.557027364593
superscaffold54.4.1	44.2975	3.71654473000825	37	42	44	47	52	462.556078647424
superscaffold54.3.1	42.9241666666667	2.88193736304356	38	41	43	45	49	1024.53548478614
superscaffold54.2.1	44.1020833333333	3.14734957861494	38	42	44	46	50	845.450040615235
superscaffold54.1.1	35.0127083333333	2.42281236425336	31	33	35	37	40	1930.83696878276
superscaffold26.174.1	39.3625	3.14759025964184	33	37	39	42	45	148.232871483235
superscaffold26.173.1	47.784375	2.83033562956675	43	46	48	50	54	958.885659873101
superscaffold26.172.1	44.5214583333333	2.58466915622652	40	43	44	46	50	1380.92934090251
superscaffold26.171.1	48.8547916666667	3.14230753482181	43	47	49	51	55	1680.44982681192
superscaffold26.170.1	44.1095833333333	2.57952729550941	39	42	44	46	49	503.246427644927
superscaffold26.169.1	46.978125	3.22907139731795	41	45	47	49	53	547.694882464858
superscaffold26.168.1	49.943125	3.37246344910745	43	48	50	52	57	362.187817540465
superscaffold26.167.1	42.205625	3.00433971469194	37	40	42	44	49	1109.85763764341
superscaffold26.166.1	35.9347916666667	3.14922303239805	30	34	36	38	42	550.593682716121
superscaffold26.165.1	41.4277083333333	2.9431267665398	36	39	41	43	47	358.082180260794
superscaffold26.164.1	45.7477083333333	3.39303783188812	39	43	46	48	52	314.643842817031
superscaffold26.163.1	45.0102083333333	3.4370018661344	39	43	45	47	52	329.459327239191
superscaffold26.162.1	40.8945833333333	3.20055017041537	35	39	41	43	47	382.540687086653
superscaffold26.161.1	40.2754166666667	3.05325036861266	34	38	40	42	46	569.650014016114
superscaffold26.160.1	35.5760416666667	2.76849497907993	30	34	35	37	41	312.939071276158
superscaffold26.159.1	40.6552083333333	2.35159076348621	37	39	40	42	46	590.305906799177
superscaffold26.158.1	40.5839583333333	2.01671308090445	37	39	40	42	45	322.503396041157
superscaffold26.157.1	44.9016666666667	2.58498343023386	40	43	45	47	50	661.615485826055
superscaffold26.156.1	36.9025	2.62358109182156	32	35	37	39	42	759.346170800647
superscaffold26.155.1	34.2925	2.53548806526677	30	33	34	36	40	1354.63720067546
superscaffold26.154.1	54.1841666666667	2.80063386488636	49	52	54	56	60	642.066714725933
superscaffold26.153.1	46.0308333333333	3.01401313803066	41	44	46	48	52	262.517027559757
superscaffold26.152.1	53.9635416666667	3.09017829156413	49	52	54	56	60	79.9733768763077
superscaffold26.151.1	40.3939583333333	2.91442242168577	35	38	40	42	46	1053.91601947332
superscaffold26.150.1	46.11875	3.42320606424489	40	44	46	48	53	245.878009395506
superscaffold26.149.1	50.6766666666667	2.83483622995217	46	49	51	53	56	813.550956174239
superscaffold26.148.1	51.0660416666667	2.91521022835197	46	49	51	53	57	334.108344348801
superscaffold26.147.1	36.5475	4.08186618961408	29	34	36	39	45	106.378741483016
superscaffold26.146.1	37.8385416666667	3.07385881262145	32	36	38	40	44	442.619472412542
superscaffold26.145.1	41.3589583333333	2.30134973993036	37	40	41	43	46	1577.29375227793
superscaffold26.144.1	41.2989583333333	2.98324817946559	36	39	41	43	47	337.586238132192
superscaffold26.143.1	49.1620833333333	2.20476567908239	45	48	49	51	53	326.254180664006
superscaffold26.142.1	42.934375	2.68520399774042	38	41	43	45	48	354.517409432438
superscaffold26.141.1	39.471875	2.57984409737967	35	38	39	41	45	377.052581621087
superscaffold26.140.1	37.6479166666667	2.57324376801264	33	36	38	39	43	256.207179499117
superscaffold26.139.1	45.0585416666667	2.84600046521117	40	43	45	47	51	998.87906889291
superscaffold26.138.1	47.9272916666667	2.4777242544465	44	46	48	50	53	628.447155655097
superscaffold26.137.1	42.485	2.97957623785655	37	40	42	44	49	1385.34285555282
superscaffold26.136.1	44.9979166666667	2.88090982475173	40	43	45	47	51	676.778962245654
superscaffold26.135.1	47.8335416666667	3.15455857422585	42	46	48	50	54	521.965270458798
superscaffold26.134.1	36.135625	2.80039246962903	31	34	36	38	42	1376.24363716345
superscaffold26.133.1	39.6752083333333	3.05457239929644	34	38	39	42	46	868.287760987472
superscaffold26.132.1	44.6004166666667	3.39070715527748	38	42	45	47	51	800.276461772855
superscaffold26.131.1	40.055	2.91490339540483	34	38	40	42	46	683.539510875271
superscaffold26.130.1	37.9083333333333	2.33368060206668	34	36	38	39	43	1066.02244842674
superscaffold26.129.1	44.339375	3.00052638727777	39	42	44	46	50	1312.20323140279
superscaffold26.128.1	46.0954166666667	2.3295978816524	42	45	46	48	51	1451.80898124608
superscaffold26.127.1	42.9254166666667	2.35826828219871	39	41	43	44	48	2243.78201644173
superscaffold26.126.1	48.563125	2.86178349583557	43	47	49	50	54	399.985220982985
superscaffold26.125.1	42.444375	3.36422558383237	36	40	42	45	49	354.541354703144
superscaffold26.124.1	46.4772916666667	2.61463673053971	41	45	47	48	52	411.129368357907
superscaffold26.123.1	37.270625	2.38760509293482	33	36	37	39	42	1124.04215627603
superscaffold26.122.1	38.26875	2.58899978353446	33	36.75	38	40	44	549.060844914328
superscaffold26.121.1	43.3685416666667	3.18385205325129	38	41	43	45	50	380.142599095842
superscaffold26.120.1	50.2252083333333	3.99858147882652	43	47	50	53	58	674.398244530836
superscaffold26.119.1	42.5825	2.78339860107254	38	41	42	44	48	1274.70111663104
superscaffold26.118.1	47.2941666666667	3.04055510426717	42	45	47	49	54	809.450842154626
superscaffold26.117.1	48.5072916666667	3.77839309556245	42	46	48	51	56	538.698799818212
superscaffold26.116.1	41.0345833333333	3.7702916074631	35	38	41	43	49	459.424809364933
superscaffold26.115.1	51.6802083333333	3.37032017673397	45	49	52	54	58	767.566575350732
superscaffold26.114.1	46.48625	2.68352589155925	42	45	46	48	52	1448.35999933691
superscaffold26.113.1	41.2254166666667	3.37902590076837	35	39	41	43	48	535.436506379505
superscaffold26.112.1	49.331875	3.21165319063566	43	47	49	52	55	233.967135870426
superscaffold26.111.1	40.65625	2.82757285745597	36	39	41	42	47	1003.93962235273
superscaffold26.110.1	44.1095833333333	2.90368984301911	39	42	44	46	50	854.938656625208
superscaffold26.109.1	48.7414583333333	2.39825897952554	44	47	49	50	54	1767.3939022322
superscaffold26.108.1	37.1114583333333	2.78923337789343	32	35	37	39	43	967.116693675761
superscaffold26.107.1	46.2897916666667	3.1532338782179	40	44	46	48	53	1318.801685063
superscaffold26.106.1	38.9335416666667	3.65744607796547	32	36	39	41	46	726.343009932714
superscaffold26.105.1	49.6522916666667	3.44427477309506	43	47	50	52	56	357.596419233942
superscaffold26.104.1	40.3545833333333	3.3856917706305	34	38	40	43	47	435.239304356405
superscaffold26.103.1	35.346875	3.21564513675734	29	33	35	37	42	1404.39280794328
superscaffold26.102.1	42.976875	2.73838196830432	38	41	43	45	49	2802.40538331198
superscaffold26.101.1	44.8066666666667	3.42181407413721	38	43	45	47	51	950.345110689182
superscaffold26.100.1	34.7960416666667	2.85041845162747	29	33	35	37	41	2233.84208048093
superscaffold26.99.1	33.6670833333333	3.24443515648176	28	31	33	36	40	1281.02912996905
superscaffold26.98.1	33.5664583333333	2.9492053168208	28	31	33	36	40	1722.07731817311
superscaffold26.97.1	34.4366666666667	2.78524775497783	29	33	34	36	40	819.061281043924
superscaffold26.96.1	34.7083333333333	3.01975390761707	29	33	35	37	41	1916.4133858146
superscaffold26.95.1	36.9008333333333	2.48558237585672	32	35	37	39	42	2859.67152574713
superscaffold26.94.1	41.3975	3.63056328818814	34	39	41	44	49	443.017237382331
superscaffold26.93.1	51.330625	3.17077645420916	45	49	51	53	57	941.051961640264
superscaffold26.92.1	33.1958333333333	2.97856189074539	28	31	33	35	39	2669.50174383268
superscaffold26.91.1	35.98375	2.62677053081272	31	34	36	38	42	1750.37452440764
superscaffold26.90.1	40.679375	3.51478756638283	34	38	41	43	47	766.502692896095
superscaffold26.89.1	37.5091666666667	2.48804587975879	33	36	37	39	43	2759.16766344519
superscaffold26.88.1	41.2625	3.42439095720647	34	39	41	44	48	30.3911414805115
superscaffold26.87.1	44.7458333333333	3.19746450481752	39	43	45	47	51	734.539100478575
superscaffold26.86.1	32.745	2.97379959970052	27	31	33	35	39	764.740307750177
superscaffold26.85.1	38.9672916666667	3.01008462647942	34	37	39	41	46	1883.24757316272
superscaffold26.84.1	35.1704166666667	3.56508850470764	29	33	35	38	43	224.774888667656
superscaffold26.83.1	35.921875	3.21280073863347	29	34	36	38	42	505.360560441222
superscaffold26.82.1	31.6377083333333	2.77693949432276	27	30	31	33	38	3195.07324738159
superscaffold26.81.1	39.2172916666667	3.39595032324853	33	37	39	42	46	864.876353976162
superscaffold26.80.1	37.1614583333333	3.22917357053935	31	35	37	39	44	1244.7122007491
superscaffold26.79.1	38.2233333333333	3.03114989650386	33	36	38	40	44	2946.97366762262
superscaffold26.78.1	38.3589583333333	3.11435567182166	33	36	38	40	45	1670.94003896749
superscaffold26.77.1	37.3510416666667	2.77455675727621	32	35	37	39	43	2306.2145474852
superscaffold26.76.1	41.48375	3.0759888046748	36	39	41	44	48	1282.53417187302
superscaffold26.75.1	51.5408333333333	3.22148951901484	46	49	51	54	58	1305.46377685472
superscaffold26.74.1	30.81	2.87992382571578	25.975	29	31	33	37	1609.63621523691
superscaffold26.73.1	34.0629166666667	3.33823003708699	28	32	34	36	41	1590.22550666123
superscaffold26.72.1	35.21375	3.3315346696147	29	33	35	37	42	1152.32779353307
superscaffold26.71.1	41.9291666666667	3.0305080929183	36	40	42	44	48	1109.25192117625
superscaffold26.70.1	30.268125	2.51703606266133	26	29	30	32	36	4197.70484298134
superscaffold26.69.1	41.8277083333333	2.55860725716335	37	40	42	43	47	2826.70641602305
superscaffold26.68.1	35.4083333333333	3.02699071340683	30	33	35	37	42	2034.32795705221
superscaffold26.67.1	31.8664583333333	3.52330968641977	26	29	32	34	39	632.589211158119
superscaffold26.66.1	33.2302083333333	3.41809837446704	27	31	33	35	40	863.05021635622
superscaffold26.65.1	42.8414583333333	2.97367591473193	37	41	43	45	49	1268.49757058588
superscaffold26.64.1	39.90125	3.12799779112578	34	38	40	42	46	1707.48359281976
superscaffold26.63.1	39.6585416666667	3.07689024033797	34	38	39	42	46	1334.47482864207
superscaffold26.62.1	50.8675	2.61464490769434	46	49	51	53	56	2701.13156827881
superscaffold26.61.1	50.4485416666667	2.58206784323848	46	49	50	52	56	2687.81007069465
superscaffold26.60.1	41.859375	3.08921583157489	36	40	42	44	48	622.88543436098
superscaffold26.59.1	38.2585416666667	3.01638747735737	33	36	38	40	44	920.567998995007
superscaffold26.58.1	33.898125	3.20076253954411	28	32	34	36	40	1601.78534805086
superscaffold26.57.1	37.4297916666667	2.80030435459497	32	36	37	39	43	2251.9807537106
superscaffold26.56.1	32.5916666666667	2.57092218812806	28	31	32	34	38	1825.29074370955
superscaffold26.55.1	35.8625	2.64922427283157	31	34	36	38	41	2822.58472857399
superscaffold26.54.1	31.9658333333333	2.88879811445625	27	30	32	34	38	3130.54071965157
superscaffold26.53.1	35.52125	3.06944803708162	30	33	35	37	42	2958.72889586207
superscaffold26.52.1	31.3285416666667	2.82809151981328	26	29	31	33	37	3223.87443478741
superscaffold26.51.1	37.6789583333333	2.63127022457237	33	36	38	39	43	2651.32276836429
superscaffold26.50.1	47.4854166666667	3.14473331256251	42	45	47	50	54	1362.42546386972
superscaffold26.49.1	36.133125	2.70413439122261	31	34	36	38	42	2611.87479220341
superscaffold26.48.1	31.0302083333333	3.11623205616891	25	29	31	33	37	2349.94168244984
superscaffold26.47.1	31.0777083333333	2.70937244773918	26	29	31	33	37	669.78991420566
superscaffold26.46.1	37.0802083333333	2.74126013825501	32	35	37	39	43	1991.79380127579
superscaffold26.45.1	36.39	2.79104632185564	31	34	36	38	42	1436.99922941132
superscaffold26.44.1	36.2872916666667	3.21205872821921	31	34	36	38	43	801.876173410752
superscaffold26.43.1	47.60625	3.38523978558652	41	45	48	50	55	669.775926025888
superscaffold26.42.1	34.7908333333333	3.1775938803839	29	33	35	37	41	909.105130779356
superscaffold26.41.1	39.75125	3.29399209685648	33	37	40	42	46	463.183184927671
superscaffold26.40.1	36.5191666666667	2.94939738236141	31	34	36	38	42	1677.38891082916
superscaffold26.39.1	43.300625	3.35225159767575	37	41	43	45	50	1456.1070045464
superscaffold26.38.1	33.4979166666667	2.98562155389271	28	31	33	35	40	1763.90443461912
superscaffold26.37.1	35.3210416666667	2.59819750909015	31	33	35	37	41	2956.39214508412
superscaffold26.36.1	33.98375	3.32702950672401	27	32	34	36	41	1093.0524486088
superscaffold26.35.1	37.6414583333333	2.84649097949867	33	36	37	40	43	1653.12146820334
superscaffold26.34.1	30.426875	2.98332984340885	25	28	30	32	36	1525.09876575201
superscaffold26.33.1	29.17875	2.70924237927128	24	27	29	31	34	558.807094916718
superscaffold26.32.1	35.90125	2.31194982698598	32	34	36	37	41	1759.0197659914
superscaffold26.31.1	35.4495833333333	2.64814446971047	30	34	35	37	41	2210.75171977512
superscaffold26.30.1	32.5691666666667	2.61254433991857	28	31	32	34	38	2684.87238677057
superscaffold26.29.1	33.9591666666667	2.22640187728175	30	32	34	35	39	1723.35733037266
superscaffold26.28.1	31.1360416666667	2.54380930551053	26	29	31	33	36	3016.59923688641
superscaffold26.27.1	36.1564583333333	3.07919704245593	30	34	36	38	43	1574.23417899398
superscaffold26.26.1	27.8572916666667	2.4209633867269	24	26	28	29	33	3395.33302856291
superscaffold26.25.1	29.999375	2.70871799620315	25	28	30	32	36	1923.05361612536
superscaffold26.24.1	41.3316666666667	2.80386074241577	36	39	41	43	47	1625.95664835146
superscaffold26.23.1	38.37875	2.80428602470502	33	36	38	40	44	2019.15209177515
superscaffold26.22.1	24.7858333333333	2.39485437945284	20	23	25	26	30	1787.9399458745
superscaffold26.21.1	28.46625	2.70939235603587	23	27	28	30	34	1327.14434104406
superscaffold26.20.1	21.1833333333333	2.46723334877449	17	19	21	23	26	1189.84015696105
superscaffold26.19.1	34.0020833333333	2.84407527190367	29	32	34	36	40	1368.36608141998
superscaffold26.18.1	41.5760416666667	2.81025437465621	36	40	41	43	47	1246.62374363983
superscaffold26.17.1	33.42625	2.68231427245579	28.975	32	33	35	39	654.051468921025
superscaffold26.16.1	26.8627083333333	2.53537279091818	22	25	27	28	32	1336.10787729744
superscaffold26.15.1	33.0595833333333	2.93248894066023	28	31	33	35	39	1356.74700406102
superscaffold26.14.1	24.715	2.12154724212369	21	23	25	26	29	2373.16190385196
superscaffold26.13.1	23.826875	2.21359592122855	20	22	24	25	29	3431.89800852355
superscaffold26.12.1	29.1697916666667	2.71085658875841	24	27	29	31	35	2141.71445177526
superscaffold26.11.1	28.03875	2.3751506022594	24	26	28	30	33	3520.90631490608
superscaffold26.10.1	34.3760416666667	2.68380356619608	29	33	34	36	40	1481.07630046373
superscaffold26.9.1	33.7195833333333	2.33238072071279	29	32	34	35	39	2576.04401250227
superscaffold26.8.1	43.6895833333333	2.3582762345914	39	42	44	45	48	1764.87712187317
superscaffold26.7.1	35.5291666666667	2.51048713783533	31	34	35	37	41	487.921274671335
superscaffold26.6.1	38.540625	2.5047601327407	34	37	38	40	44	1666.38146206454
superscaffold26.5.1	29.95	2.66798605965305	25	28	30	32	36	3468.26801422158
superscaffold26.4.1	30.21	2.5754834948685	25	28	30	32	35	2432.93042042644
superscaffold26.3.1	39.2520833333333	2.93206327245637	34	37	39	41	45	2258.03414946384
superscaffold26.2.1	42.52	2.92092350529345	37	41	42	44	48	1808.21879951967
superscaffold26.1.1	40.9820833333333	3.36977418088292	35	39	41	43	48	1666.91019045873
