scaffold	mean	SD	2.5	25	50	75	97.5	ESS
superscaffold35.34.1	214.493257083333	7.5403519298116	200.14935	209.36775	214.2905	219.431	229.71515	4799.99999999999
superscaffold35.33.1	219.175126666667	5.19887398104262	209.3859	215.66725	219.156	222.61125	229.49735	4075.0481155771
superscaffold35.32.1	140.96413125	2.99750242299347	135.278925	138.9355	140.851	142.95025	147.0132	4090.25383691211
superscaffold35.31.1	175.839605625	4.16928442519083	167.78795	173.00925	175.7605	178.628	184.1321	4527.68905295066
superscaffold35.30.1	192.841123958333	5.5123046897796	182.487875	189.05325	192.7655	196.553	204.149025	3741.75349382769
superscaffold35.29.1	163.62418	4.04818986533039	156.016925	160.9435	163.5325	166.23625	171.79695	4800.00000000001
superscaffold35.28.1	105.618196875	2.78476133510002	100.430725	103.65275	105.562	107.465	111.38815	4278.76721366058
superscaffold35.27.1	78.2558783333333	1.76999246151058	74.850925	77.0415	78.2425	79.4425	81.710275	4255.44606806286
superscaffold35.26.1	90.1423260416667	1.93586721052659	86.50395	88.819	90.105	91.425	93.97615	3723.74339849441
superscaffold35.25.1	107.886850833333	2.44463401847977	103.259875	106.212	107.832	109.5175	112.816125	4059.42635660298
superscaffold35.24.1	90.8709758333333	2.67908542976643	85.98985	89.0225	90.767	92.55725	96.5353	4799.99999999999
superscaffold35.23.1	140.447377291667	3.42980066076178	133.97965	138.08725	140.344	142.7585	147.312225	3012.25690290705
superscaffold35.22.1	229.284782916667	5.61088702692936	218.735925	225.37425	229.158	232.95525	240.737525	4090.36706118752
superscaffold35.21.1	329.368346041667	8.90005025955902	312.42835	323.218	329.3555	335.14125	347.442925	4193.84198687041
superscaffold35.20.1	260.842207916667	7.19827823308029	246.910825	255.9915	260.757	265.6225	275.28245	4482.2516813739
superscaffold35.19.1	325.960154166667	8.24566874944863	310.045725	320.30975	325.9295	331.31825	342.156025	3306.04207604499
superscaffold35.18.1	171.169725833333	3.37696936231508	164.5139	168.8545	171.1725	173.38225	177.936075	4406.87770876039
superscaffold35.17.1	221.525264583333	5.49547392393709	210.862975	217.87725	221.2605	225.1585	232.713175	4800
superscaffold35.16.1	279.294422708333	7.67598322996083	264.969825	273.97525	279.096	284.33	294.7921	4800
superscaffold35.15.1	280.200408541667	7.65496617917978	265.6678	274.95075	280.0075	285.27375	295.6218	4800.00000000001
superscaffold35.14.1	225.421989791667	5.5546783681317	214.8077	221.58175	225.333	229.153	236.5393	4359.73712881021
superscaffold35.13.1	200.74767375	3.84538881113366	193.3074	198.1205	200.6405	203.38475	208.42015	4800.00000000001
superscaffold35.12.1	196.106939375	4.47509117347459	187.47485	193.0755	195.9895	199.0995	205.06765	4800.00000000001
superscaffold35.11.1	127.458424166667	4.12187761815676	120.140925	124.584	127.1865	130.05925	136.19265	4800.00000000001
superscaffold35.10.1	141.841908125	2.87885567835048	136.2517	139.87775	141.8215	143.79	147.465125	4257.46441582262
superscaffold35.9.1	177.697695625	4.14912501987715	169.862975	174.84725	177.5995	180.3655	185.994	4591.74952195555
superscaffold35.8.1	242.918153958333	5.06510039949197	233.132575	239.511	242.857	246.27125	253.068175	4800
superscaffold35.7.1	149.883046458333	3.74921040540827	142.9428	147.34075	149.699	152.29125	157.625275	4384.83511553023
superscaffold35.6.1	180.482530208333	5.11306818627315	171.104775	176.9155	180.127	183.80725	190.93215	4800.00000000001
superscaffold35.5.1	167.708265833333	5.98020650041633	157.181425	163.50675	167.4055	171.4945	180.895975	4799.99999999998
superscaffold35.4.1	163.941381041667	4.34045574854041	155.780675	160.9645	163.822	166.7145	172.706125	4799.99999999999
superscaffold35.3.1	103.648341666667	2.21142874870039	99.513625	102.13775	103.5725	105.09425	108.1202	3816.3332061294
superscaffold35.2.1	138.652793958333	3.31825559805898	132.3708	136.405	138.5595	140.75975	145.624225	4800
superscaffold35.1.1	121.38043	2.80020090192841	116.00695	119.49575	121.341	123.224	126.997675	4412.49360622195
superscaffold35.34.1	214.493257083333	7.5403519298116	200.14935	209.36775	214.2905	219.431	229.71515	4799.99999999999
superscaffold35.33.1	219.175126666667	5.19887398104262	209.3859	215.66725	219.156	222.61125	229.49735	4075.0481155771
superscaffold35.32.1	140.96413125	2.99750242299347	135.278925	138.9355	140.851	142.95025	147.0132	4090.25383691211
superscaffold35.31.1	175.839605625	4.16928442519083	167.78795	173.00925	175.7605	178.628	184.1321	4527.68905295066
superscaffold35.30.1	192.841123958333	5.5123046897796	182.487875	189.05325	192.7655	196.553	204.149025	3741.75349382769
superscaffold35.29.1	163.62418	4.04818986533039	156.016925	160.9435	163.5325	166.23625	171.79695	4800.00000000001
superscaffold35.28.1	105.618196875	2.78476133510002	100.430725	103.65275	105.562	107.465	111.38815	4278.76721366058
superscaffold35.27.1	78.2558783333333	1.76999246151058	74.850925	77.0415	78.2425	79.4425	81.710275	4255.44606806286
superscaffold35.26.1	90.1423260416667	1.93586721052659	86.50395	88.819	90.105	91.425	93.97615	3723.74339849441
superscaffold35.25.1	107.886850833333	2.44463401847977	103.259875	106.212	107.832	109.5175	112.816125	4059.42635660298
superscaffold35.24.1	90.8709758333333	2.67908542976643	85.98985	89.0225	90.767	92.55725	96.5353	4799.99999999999
superscaffold35.23.1	140.447377291667	3.42980066076178	133.97965	138.08725	140.344	142.7585	147.312225	3012.25690290705
superscaffold35.22.1	229.284782916667	5.61088702692936	218.735925	225.37425	229.158	232.95525	240.737525	4090.36706118752
superscaffold35.21.1	329.368346041667	8.90005025955902	312.42835	323.218	329.3555	335.14125	347.442925	4193.84198687041
superscaffold35.20.1	260.842207916667	7.19827823308029	246.910825	255.9915	260.757	265.6225	275.28245	4482.2516813739
superscaffold35.19.1	325.960154166667	8.24566874944863	310.045725	320.30975	325.9295	331.31825	342.156025	3306.04207604499
superscaffold35.18.1	171.169725833333	3.37696936231508	164.5139	168.8545	171.1725	173.38225	177.936075	4406.87770876039
superscaffold35.17.1	221.525264583333	5.49547392393709	210.862975	217.87725	221.2605	225.1585	232.713175	4800
superscaffold35.16.1	279.294422708333	7.67598322996083	264.969825	273.97525	279.096	284.33	294.7921	4800
superscaffold35.15.1	280.200408541667	7.65496617917978	265.6678	274.95075	280.0075	285.27375	295.6218	4800.00000000001
superscaffold35.14.1	225.421989791667	5.5546783681317	214.8077	221.58175	225.333	229.153	236.5393	4359.73712881021
superscaffold35.13.1	200.74767375	3.84538881113366	193.3074	198.1205	200.6405	203.38475	208.42015	4800.00000000001
superscaffold35.12.1	196.106939375	4.47509117347459	187.47485	193.0755	195.9895	199.0995	205.06765	4800.00000000001
superscaffold35.11.1	127.458424166667	4.12187761815676	120.140925	124.584	127.1865	130.05925	136.19265	4800.00000000001
superscaffold35.10.1	141.841908125	2.87885567835048	136.2517	139.87775	141.8215	143.79	147.465125	4257.46441582262
superscaffold35.9.1	177.697695625	4.14912501987715	169.862975	174.84725	177.5995	180.3655	185.994	4591.74952195555
superscaffold35.8.1	242.918153958333	5.06510039949197	233.132575	239.511	242.857	246.27125	253.068175	4800
superscaffold35.7.1	149.883046458333	3.74921040540827	142.9428	147.34075	149.699	152.29125	157.625275	4384.83511553023
superscaffold35.6.1	180.482530208333	5.11306818627315	171.104775	176.9155	180.127	183.80725	190.93215	4800.00000000001
superscaffold35.5.1	167.708265833333	5.98020650041633	157.181425	163.50675	167.4055	171.4945	180.895975	4799.99999999998
superscaffold35.4.1	163.941381041667	4.34045574854041	155.780675	160.9645	163.822	166.7145	172.706125	4799.99999999999
superscaffold35.3.1	103.648341666667	2.21142874870039	99.513625	102.13775	103.5725	105.09425	108.1202	3816.3332061294
superscaffold35.2.1	138.652793958333	3.31825559805898	132.3708	136.405	138.5595	140.75975	145.624225	4800
superscaffold35.1.1	121.38043	2.80020090192841	116.00695	119.49575	121.341	123.224	126.997675	4412.49360622195
superscaffold54.105.1	4.022915625	0.74647014794491	2.812925	3.511	3.9385	4.415	5.766025	4800
superscaffold54.104.1	71.006199375	1.75584568075785	67.633	69.78625	70.9625	72.17825	74.446225	4402.45841480381
superscaffold54.103.1	110.6456025	3.87393341400965	103.26365	108.013	110.5435	113.1045	118.583925	4800.00000000002
superscaffold54.102.1	122.999075	4.94865040246256	114.150875	119.4995	122.6925	126.16325	133.3713	4428.1931580078
superscaffold54.101.1	116.7159475	2.2871804175225	112.276	115.177	116.702	118.27125	121.2299	4799.99999999999
superscaffold54.100.1	106.209366458333	1.86313064492043	102.629825	104.94275	106.185	107.47825	110.01205	3771.08208243649
superscaffold54.99.1	102.353130208333	2.00695176921701	98.49585	100.98875	102.336	103.68325	106.332275	4799.99999999998
superscaffold54.98.1	77.22624	1.74514632691301	73.8789	76.052	77.1955	78.398	80.65305	4295.07377042108
superscaffold54.97.1	98.927840625	2.07804615870071	94.9829	97.4955	98.9055	100.31325	103.041375	4103.51501393984
superscaffold54.96.1	97.0028264583333	1.98392939160892	93.20765	95.6615	97.0045	98.30725	100.96905	4370.65624591955
superscaffold54.95.1	88.9797339583333	2.63793975486454	84.545975	87.2195	88.727	90.3875	95.146025	4274.44953498845
superscaffold54.94.1	113.620568958333	2.67497386133388	108.63085	111.72075	113.552	115.416	119.05725	4440.47925438421
superscaffold54.93.1	121.685104583333	2.62801662923228	116.6676	119.901	121.604	123.42725	127.04335	4367.38879035706
superscaffold54.92.1	85.4499133333333	1.68163738747944	82.213925	84.3075	85.417	86.58725	88.804	2013.79387093198
superscaffold54.91.1	139.475086666667	2.69224639298468	134.3479	137.63175	139.4635	141.29225	144.81815	4463.30018701399
superscaffold54.90.1	148.209456041667	2.69419125230671	142.943625	146.39675	148.211	149.97825	153.474125	4393.80072430035
superscaffold54.89.1	88.3531347916667	1.9341670812915	84.680975	87.04875	88.3445	89.608	92.25215	4012.87529366208
superscaffold54.88.1	117.450795416667	2.28008112808193	113.01895	115.8835	117.435	118.963	121.95125	4022.01321161088
superscaffold54.87.1	95.7115354166667	1.85422046522211	92.187925	94.435	95.648	96.9485	99.47415	4076.45068948667
superscaffold54.86.1	121.291330625	3.36925197964376	115.073775	119.04975	121.16	123.4325	128.44005	4410.65783320522
superscaffold54.85.1	189.585085625	4.80361435459184	180.4287	186.30125	189.491	192.687	199.5366	2906.05677875046
superscaffold54.84.1	165.727196666667	4.05245937958693	158.06075	162.9415	165.636	168.38725	173.9353	4056.68280526729
superscaffold54.83.1	84.23126875	1.84155822210872	80.57295	83.016	84.216	85.45	87.899125	4196.03736313185
superscaffold54.82.1	89.6209735416667	1.83768209421538	86.092825	88.3675	89.598	90.817	93.31915	4138.15241871847
superscaffold54.81.1	142.76031875	3.37638730195719	136.10265	140.47	142.7175	145.07125	149.3641	3144.61140099636
superscaffold54.80.1	222.957319583333	5.71989531478672	212.21035	218.9615	222.813	226.78875	234.7362	4418.51969988269
superscaffold54.79.1	219.792169583333	5.61278366191847	208.8373	215.9365	219.748	223.696	230.87905	4107.37656097527
superscaffold54.78.1	227.228688958333	6.39810087981001	215.0058	222.94575	227.153	231.40525	240.02105	4799.99999999999
superscaffold54.77.1	238.332148958333	6.34761641357455	226.231475	233.9625	238.216	242.52425	250.876425	4501.29519366428
superscaffold54.76.1	205.723856041667	4.68581018858728	196.7839	202.604	205.561	208.708	215.309325	4714.78826919983
superscaffold54.75.1	206.875727708333	6.13202239167686	195.3982	202.781	206.614	210.83	219.56115	4800
superscaffold54.74.1	134.991642291667	3.87727645453609	127.985675	132.3185	134.7375	137.4405	143.2962	4291.54480459294
superscaffold54.73.1	138.566347083333	2.97036806404088	132.8183	136.54775	138.5125	140.536	144.460125	4800
superscaffold54.72.1	145.63488	3.50939594893737	139.053675	143.303	145.551	147.8695	152.66655	4800.00000000001
superscaffold54.71.1	97.5874664583333	2.51838049534977	92.895825	95.844	97.508	99.29125	102.799775	3681.44856257913
superscaffold54.70.1	88.263455	2.15315321084709	84.2559	86.77	88.202	89.6485	92.65505	2993.90595364647
superscaffold54.69.1	118.221241041667	2.80730586032187	112.721475	116.3855	118.155	120.07025	124.009175	3333.23267271211
superscaffold54.68.1	158.169754166667	3.88273455793841	150.72885	155.42275	158.1075	160.8285	165.846275	4514.89549088848
superscaffold54.67.1	151.371292916667	3.54007286989746	144.473325	148.978	151.3135	153.718	158.3968	4394.21547691925
superscaffold54.66.1	143.840551875	3.57357840137381	136.84465	141.5085	143.8565	146.15	151.048125	2906.19436051031
superscaffold54.65.1	103.256094583333	2.12448735284792	99.316925	101.806	103.161	104.644	107.635075	4469.30622347873
superscaffold54.64.1	129.65382375	2.85559508590107	124.198075	127.6925	129.571	131.5435	135.541175	4286.52964676623
superscaffold54.63.1	146.980906458333	3.57362797908549	140.20675	144.51675	146.844	149.429	154.208025	3646.6885549627
superscaffold54.62.1	99.7521670833333	2.11665170948415	95.6339	98.34625	99.713	101.141	103.94325	3766.06868927045
superscaffold54.61.1	101.620274375	2.13532513815684	97.59395	100.16325	101.5545	103.06425	105.8276	4799.99999999998
superscaffold54.60.1	137.787329583333	3.08436716420493	131.881725	135.7255	137.7	139.865	144.0651	2864.58936654563
superscaffold54.59.1	110.018777708333	2.69888186350415	105.194975	108.086	109.857	111.72675	115.726625	2692.41018508894
superscaffold54.58.1	142.037853958333	2.96812467543038	136.354875	140.049	141.9665	144.05625	148.11105	4799.99999999999
superscaffold54.57.1	140.639723541667	3.24146434569715	134.57975	138.383	140.6145	142.75575	147.1741	4347.30799162026
superscaffold54.56.1	187.657269166667	5.02621152925204	178.1243	184.24575	187.577	190.9305	197.8089	4573.97996660189
superscaffold54.55.1	155.668215625	4.72178004456956	146.7986	152.45975	155.542	158.74025	165.26825	4799.99999999999
superscaffold54.54.1	152.868052083333	5.24854066146117	143.3619	149.08725	152.602	156.39225	163.430175	4800
superscaffold54.53.1	154.956889583333	3.91951680789776	147.427	152.31675	154.838	157.50425	163.032075	4799.99999999999
superscaffold54.52.1	138.062126666667	4.48685982954943	129.898825	134.86375	137.9515	141.03475	147.1935	4799.99999999998
superscaffold54.51.1	154.086778125	3.5631474041606	147.192925	151.713	154.007	156.41525	161.484725	4500.95042363973
superscaffold54.50.1	101.778696666667	2.36827060760315	97.308925	100.162	101.726	103.37325	106.410075	4800
superscaffold54.49.1	191.244966458333	5.0340844987433	181.75765	187.75	191.1205	194.55675	201.221175	4579.36073258148
superscaffold54.48.1	136.863301041667	3.66876182386837	129.91285	134.427	136.697	139.163	144.27905	5175.08226531781
superscaffold54.47.1	180.486097291667	4.48699386596783	171.425625	177.48575	180.541	183.4795	189.41525	4424.4659347653
superscaffold54.46.1	218.448275833333	5.74545426314517	207.56805	214.456	218.37	222.2605	229.967925	4800
superscaffold54.45.1	185.312442083333	5.35509707841936	174.909425	181.69825	185.261	188.78975	196.2573	4800.00000000001
superscaffold54.44.1	198.72381875	4.89625736278221	189.333325	195.40975	198.6125	201.87075	208.522425	4800
superscaffold54.43.1	239.270204166667	5.6411104758822	228.723275	235.36875	239.12	243.01575	250.56275	4108.50395817055
superscaffold54.42.1	224.912748958333	5.15978911366929	215.228325	221.41275	224.813	228.32225	235.250375	4800.00000000002
superscaffold54.41.1	154.132024791667	3.6253699743239	147.10585	151.627	154.043	156.61625	161.264075	4565.35040898115
superscaffold54.40.1	193.223544166667	5.00358062982059	183.6357	189.84875	193.0665	196.4955	203.1979	4426.38860061391
superscaffold54.39.1	215.986580416667	5.45239464421971	205.75955	212.1925	215.8705	219.604	226.775475	4257.41806631707
superscaffold54.38.1	217.70745625	4.5043726471655	208.91195	214.72075	217.6725	220.676	226.751275	3644.2636151954
superscaffold54.37.1	178.264650416667	5.08170347295049	168.834	174.7695	178.0905	181.6385	188.63925	3921.3481278636
superscaffold54.36.1	191.530940208333	4.92229263133104	182.019675	188.20275	191.398	194.801	201.440175	4800
superscaffold54.35.1	298.967290416667	8.75374031815254	282.459625	292.8405	298.837	304.8365	316.432175	1744.14259608987
superscaffold54.34.1	183.11924875	5.46296333838584	172.8336	179.33075	182.9755	186.756	194.4035	4195.20186662141
superscaffold54.33.1	178.618548125	3.78087762757421	171.3338	176.0695	178.5475	181.2015	186.158225	4332.39046062951
superscaffold54.32.1	188.775851875	4.22233526501166	180.712525	185.908	188.7225	191.6165	197.149125	4579.53401184422
superscaffold54.31.1	224.494756458333	5.25290891178274	214.72495	220.84825	224.442	227.95775	235.3311	4333.30348724084
superscaffold54.30.1	227.565660625	4.85263791863352	218.49785	224.2025	227.506	230.88775	237.2643	4799.99999999998
superscaffold54.29.1	167.355362916667	4.28667416043499	159.16495	164.49475	167.2275	170.0435	176.217225	4800
superscaffold54.28.1	188.991369791667	5.85840112609615	178.01055	184.8805	188.8165	192.84975	201.0802	4391.16323474131
superscaffold54.27.1	100.503745833333	2.40052202976822	96.082	98.83775	100.471	102.13775	105.312	4574.48276750161
superscaffold54.26.1	211.036057291667	5.67279774526173	200.2807	207.19	210.957	214.68275	222.50285	4800.00000000002
superscaffold54.25.1	202.743772708333	4.60598285614066	193.788	199.6675	202.725	205.82725	211.8529	4101.99674676812
superscaffold54.24.1	212.040079583333	6.33840603869759	199.896875	207.705	211.777	216.152	224.9052	3462.10932648812
superscaffold54.23.1	195.834455416667	5.91744150559794	184.37755	191.83825	195.699	199.8215	207.385125	3948.17617570552
superscaffold54.22.1	198.418398333333	5.29880697778941	188.2044	194.809	198.399	201.90125	208.751025	4800
superscaffold54.21.1	145.121396458333	2.92111232458889	139.6678	143.12775	145.0885	147.05475	150.8218	4472.75528278125
superscaffold54.20.1	196.820959583333	4.28518704979265	188.6935	193.97	196.7225	199.67225	205.357775	4821.76893830214
superscaffold54.19.1	178.636695208333	4.29283034919603	170.602675	175.66425	178.5395	181.3265	187.556075	4287.16060708913
superscaffold54.18.1	201.333308541667	4.50943867412207	192.6668	198.2775	201.24	204.351	210.2133	4799.99999999999
superscaffold54.17.1	152.448548958333	3.16915082683365	146.509	150.26875	152.29	154.62	158.888075	4799.99999999998
superscaffold54.16.1	145.608164166667	3.4496444933913	139.0979	143.2425	145.5265	147.81475	152.64985	4592.58389545548
superscaffold54.15.1	162.887523125	3.90582211688104	155.619775	160.23275	162.721	165.41125	170.929	3389.41825822746
superscaffold54.14.1	123.123823541667	2.71143604475272	118.183925	121.2445	123.0045	124.926	128.633125	4571.6441144832
superscaffold54.13.1	140.558777708333	3.42710935131929	134.284	138.21575	140.4145	142.7705	147.910075	4800
superscaffold54.12.1	155.049411041667	3.75772290682412	148.013825	152.38525	154.9455	157.50275	162.711725	3934.57244302355
superscaffold54.11.1	175.8224275	6.02569824128404	164.6949	171.7225	175.585	179.66425	188.63615	2856.97244195722
superscaffold54.10.1	122.182399166667	2.51837625052234	117.424825	120.43675	122.1185	123.80825	127.385175	4039.18888611384
superscaffold54.9.1	118.299266666667	2.54560200682159	113.50695	116.57275	118.2745	119.9985	123.34225	4561.18905377178
superscaffold54.8.1	112.752078541667	2.36033916208516	108.123775	111.19375	112.74	114.30025	117.506525	4359.30967757832
superscaffold54.7.1	134.608126875	2.82308629886335	129.1444	132.6755	134.577	136.4705	140.238625	3798.54081604072
superscaffold54.6.1	165.993767083333	3.97335180106519	158.42955	163.246	165.838	168.589	174.1489	4325.94652407274
superscaffold54.5.1	191.964438958333	4.68442187642614	182.99115	188.70325	191.93	195.17025	201.070175	4547.21072236289
superscaffold54.4.1	141.420300625	3.32748175276781	135.252825	139.099	141.2945	143.64325	148.190575	3963.90932257454
superscaffold54.3.1	151.325982708333	3.19536011258949	145.27565	149.13875	151.224	153.39025	157.7251	4134.07632078907
superscaffold54.2.1	150.539874375	2.96724829660207	144.8679	148.49975	150.465	152.46825	156.573375	4550.81919678224
superscaffold54.1.1	150.53300875	3.49625061178558	143.934675	148.14825	150.4655	152.855	157.6452	4800
superscaffold26.174.1	33.8940758333333	0.972974069213395	32.171975	33.26375	33.8095	34.43625	36.229075	1320.34489820621
superscaffold26.173.1	77.7355547916667	1.53610717445927	74.759875	76.71325	77.7135	78.769	80.800175	2624.57070705443
superscaffold26.172.1	83.788636875	1.78598324403191	80.44695	82.581	83.746	84.92725	87.5651	4349.79085675875
superscaffold26.171.1	115.800783125	2.36848286296248	111.2649	114.208	115.776	117.35775	120.56705	4365.79462091424
superscaffold26.170.1	71.1684610416667	1.45817783604204	68.337475	70.186	71.1295	72.11725	74.08825	2191.99423225105
superscaffold26.169.1	94.419044375	1.94356664423772	90.658825	93.087	94.397	95.72225	98.38505	4305.00557826931
superscaffold26.168.1	82.44161625	1.62419295355948	79.350875	81.345	82.414	83.544	85.670025	2578.06857398811
superscaffold26.167.1	98.1535441666667	1.94020170242699	94.400875	96.81075	98.138	99.45825	102.002175	4800.00000000002
superscaffold26.166.1	99.421709375	1.74134162263282	96.07685	98.215	99.4185	100.612	102.86905	3901.77537288574
superscaffold26.165.1	62.5546625	1.40397227472908	59.79385	61.606	62.5255	63.4885	65.378275	2301.28870067663
superscaffold26.164.1	87.9240072916667	1.576089810644	84.864875	86.825	87.9145	88.99825	91.060025	4289.04970211713
superscaffold26.163.1	77.3586397916667	1.56999912854696	74.457975	76.27375	77.3165	78.40175	80.526075	2259.34394577194
superscaffold26.162.1	80.956420625	1.68197583963048	77.883	79.793	80.8975	82.03725	84.41735	3655.95031648854
superscaffold26.161.1	85.1974704166667	1.96173436676181	81.49395	83.864	85.152	86.4655	89.2555	1084.61077226712
superscaffold26.160.1	46.74569625	1.13311156049587	44.549875	45.998	46.734	47.499	49.014025	3099.8503127085
superscaffold26.159.1	40.29396875	0.796649213801463	38.761975	39.756	40.279	40.79925	41.9302	1702.74138863437
superscaffold26.158.1	53.8792570833333	1.62782673554856	50.643925	52.83	53.9355	54.99425	56.87005	2278.80813987454
superscaffold26.157.1	68.3675979166667	1.41802209731311	65.772975	67.40675	68.299	69.25725	71.44625	2807.58998529104
superscaffold26.156.1	60.1600170833333	1.22172624300038	57.884525	59.30975	60.114	60.982	62.614025	2503.34084056104
superscaffold26.155.1	72.8293964583333	1.47244903199084	69.963825	71.831	72.8145	73.806	75.704175	4051.15218385623
superscaffold26.154.1	73.90996125	2.05533764580334	70.522925	72.419	73.679	75.186	78.42005	2309.69447292583
superscaffold26.153.1	60.1926902083333	1.05902343153259	58.129875	59.4675	60.189	60.88425	62.373125	2394.87583410375
superscaffold26.152.1	74.0280685416667	2.03725582441512	70.55455	72.54775	73.8155	75.435	78.184225	1517.90565792344
superscaffold26.151.1	80.684265	1.5908873799691	77.661825	79.58475	80.638	81.75425	83.863075	4446.50460973854
superscaffold26.150.1	72.2890314583333	1.45708858154028	69.496	71.314	72.257	73.23325	75.213075	4800
superscaffold26.149.1	72.961996875	1.60238700076462	69.926825	71.8745	72.952	74.006	76.210025	3047.05294732643
superscaffold26.148.1	74.1289275	1.37417951627151	71.450725	73.21375	74.105	75.058	76.812025	4469.81246286129
superscaffold26.147.1	101.290221875	2.27647004576953	96.953875	99.75475	101.285	102.812	105.881475	1595.08762914795
superscaffold26.146.1	79.146595625	1.61051087516943	76.104775	78.05275	79.105	80.21625	82.355275	4035.98910514801
superscaffold26.145.1	76.8855920833333	1.79493257674292	73.818975	75.74275	76.796	77.88825	80.37505	4800
superscaffold26.144.1	61.7304597916667	1.3129206099672	59.282975	60.8445	61.6735	62.58525	64.513	3489.43321414949
superscaffold26.143.1	38.5270060416667	0.95791813215482	36.703975	37.863	38.495	39.14275	40.4891	627.53108029075
superscaffold26.142.1	56.070199375	1.15858773456962	53.849	55.275	56.0505	56.83525	58.421075	2647.66066535904
superscaffold26.141.1	67.4583827083333	1.53954568345098	64.571925	66.391	67.4005	68.47425	70.630025	5132.5792725243
superscaffold26.140.1	57.6430408333333	1.24027847080486	55.2326	56.811	57.605	58.47525	60.094075	3131.99382475459
superscaffold26.139.1	106.436240208333	2.86308840812943	100.876725	104.50725	106.375	108.35425	112.139075	3775.84614505151
superscaffold26.138.1	87.4812285416667	1.95931849191469	83.701925	86.158	87.452	88.785	91.394325	4341.69921198378
superscaffold26.137.1	80.7521285416667	1.91021062114817	77.008	79.4515	80.7265	82.008	84.669225	3354.11560550715
superscaffold26.136.1	66.2724414583333	1.4055405454675	63.528875	65.327	66.2415	67.21725	69.086	3229.99822695232
superscaffold26.135.1	86.5497435416667	1.8257327774003	83.15985	85.3115	86.487	87.72	90.380225	3426.47258774756
superscaffold26.134.1	118.498383125	2.1724347004456	114.423925	117.02375	118.459	119.90425	122.99015	4407.42831410439
superscaffold26.133.1	83.9637025	1.74894088232587	80.661	82.7725	83.916	85.0995	87.48005	3712.79680843389
superscaffold26.132.1	124.293821666667	2.49797014152552	119.55085	122.58075	124.2505	125.934	129.16405	4059.28452321245
superscaffold26.131.1	122.672165625	3.51885275877386	115.850875	120.27275	122.6975	125.02725	129.6901	4261.89824568243
superscaffold26.130.1	76.1913041666667	1.69172553928039	73.070975	75.039	76.125	77.29725	79.63605	4561.52732992784
superscaffold26.129.1	87.4428427083333	2.36588688440309	83.3379	85.8415	87.2385	88.87775	92.738175	3622.42693824095
superscaffold26.128.1	75.5947810416667	1.58505358096404	72.459725	74.512	75.578	76.65725	78.67015	4140.14717401305
superscaffold26.127.1	73.751278125	1.45815064272352	70.935975	72.76875	73.7065	74.74775	76.6521	2965.25397605827
superscaffold26.126.1	101.575315208333	2.3047564999101	97.1048	99.99975	101.5585	103.101	106.1692	3923.59793452085
superscaffold26.125.1	98.16904	2.3105055267602	93.815925	96.60775	98.1155	99.64775	102.9563	2093.82248395546
superscaffold26.124.1	57.1253497916667	1.14443912505671	54.880975	56.362	57.1135	57.891	59.436275	3488.22331215719
superscaffold26.123.1	60.68196	1.43063304047664	58.09085	59.687	60.62	61.624	63.5991	1002.92794815526
superscaffold26.122.1	66.283751875	1.5887624925906	63.255725	65.199	66.2545	67.3435	69.3611	4467.64982875394
superscaffold26.121.1	92.097856875	2.18191410873243	88.08495	90.58175	92.0575	93.50425	96.617025	3403.02382527977
superscaffold26.120.1	116.054802083333	2.22147334929531	111.73875	114.541	116.0215	117.47825	120.444375	4422.02754547872
superscaffold26.119.1	92.5616310416667	1.78752854580219	89.15585	91.33475	92.523	93.791	96.10105	4800
superscaffold26.118.1	76.0593052083333	1.93661551550662	72.647925	74.69075	75.91	77.26875	80.1251	3347.90677353032
superscaffold26.117.1	92.21274875	1.68466859842417	88.992925	91.072	92.203	93.336	95.5571	4507.66957712616
superscaffold26.116.1	97.2426039583333	1.90610786657676	93.52795	95.928	97.224	98.4805	101.063325	3458.07061718022
superscaffold26.115.1	135.61119625	2.76441402048763	130.3329	133.65975	135.5895	137.517	141.01905	1967.13931539551
superscaffold26.114.1	130.323741666667	2.25594756713099	126.024975	128.784	130.2845	131.79525	134.793075	4554.89010353515
superscaffold26.113.1	82.43276875	1.84778716051474	78.898875	81.151	82.4355	83.67175	86.12005	3750.77619184725
superscaffold26.112.1	60.8215564583333	1.58532216054633	57.820975	59.71775	60.762	61.85925	63.98105	2911.44224928545
superscaffold26.111.1	94.697861875	2.20026609026666	90.534175	93.173	94.667	96.16625	99.174	4032.73709657343
superscaffold26.110.1	69.27911125	1.48160632084758	66.40595	68.30175	69.2745	70.283	72.219325	3820.11602429657
superscaffold26.109.1	78.4015041666667	1.55436601328456	75.40875	77.364	78.382	79.406	81.561325	4012.73754875093
superscaffold26.108.1	83.371163125	1.82605681426092	79.908575	82.153	83.371	84.551	87.068875	4520.66067389481
superscaffold26.107.1	122.780190625	2.31635540410182	118.28385	121.23075	122.77	124.30925	127.340075	4527.98903250816
superscaffold26.106.1	139.964099791667	2.98119607698436	134.2778	137.90275	139.891	141.9235	145.945125	5027.96005893998
superscaffold26.105.1	147.096647916667	3.69269881719132	139.83265	144.5535	147.1305	149.61575	154.34205	4377.3665777195
superscaffold26.104.1	175.353860625	3.78776114947547	168.123725	172.8115	175.286	177.7555	183.008775	4128.70491582799
superscaffold26.103.1	167.642271041667	3.55956847168303	160.81055	165.1895	167.578	170.01825	174.92105	3513.28736486027
superscaffold26.102.1	130.84324625	2.75516445857163	125.5998	128.95125	130.801	132.6965	136.396375	4346.74107504092
superscaffold26.101.1	138.782813333333	3.15964984636676	132.764825	136.613	138.756	140.89175	144.993975	4425.44149544199
superscaffold26.100.1	163.419480833333	3.95176307845796	155.867325	160.722	163.337	165.98125	171.35825	4800
superscaffold26.99.1	168.06647375	4.03007210351782	160.364	165.335	167.991	170.7245	176.09865	4532.70192306726
superscaffold26.98.1	183.071838125	3.99268536006803	175.50855	180.30075	182.9755	185.781	190.935025	4256.25919256305
superscaffold26.97.1	225.729754375	5.58899998199974	215.222175	221.96175	225.5065	229.336	237.0565	4642.1805881607
superscaffold26.96.1	287.666068333333	9.09930006348052	270.82165	281.617	287.339	293.51	306.0618	4488.53413209004
superscaffold26.95.1	168.019037916667	5.39418775285438	158.266875	164.3555	167.759	171.3935	179.1973	4785.0674420028
superscaffold26.94.1	127.785131666667	2.70313349364643	122.6679	125.95075	127.7775	129.59825	133.17405	3801.34725223259
superscaffold26.93.1	108.6455075	2.20162318776733	104.534825	107.132	108.592	110.08475	113.1647	3965.51018613642
superscaffold26.92.1	109.712343958333	2.4407555165109	105.134975	107.9845	109.69	111.29125	114.751725	4800
superscaffold26.91.1	122.306462083333	3.04607935373929	116.543625	120.234	122.2645	124.321	128.284175	4800.00000000001
superscaffold26.90.1	98.3905014583333	2.36981007843973	93.792875	96.774	98.335	99.953	103.2482	3929.35247720732
superscaffold26.89.1	110.846054791667	2.6460244033791	105.822475	109.0835	110.7745	112.60325	116.0991	5169.23708878824
superscaffold26.88.1	77.856524375	1.44204899307422	75.092975	76.88475	77.839	78.81225	80.76205	4046.45262093829
superscaffold26.87.1	80.0851529166667	1.77621283551293	76.686925	78.88575	80.058	81.253	83.744025	3609.71091421075
superscaffold26.86.1	110.401244166667	2.97361185910492	104.67695	108.37875	110.3295	112.289	116.44565	3562.77366449868
superscaffold26.85.1	135.591711666667	4.26847546007598	127.879225	132.62	135.295	138.2755	144.7877	1933.77526945503
superscaffold26.84.1	117.361138125	4.23287949131093	109.504	114.425	117.3035	120.14825	125.9971	3943.91288842999
superscaffold26.83.1	127.757329166667	3.868038564803	120.52495	125.15775	127.677	130.25825	135.812	4135.45996869338
superscaffold26.82.1	112.938269375	2.91274461762104	107.33365	110.9575	112.9525	114.85725	118.699525	4152.8286203298
superscaffold26.81.1	109.377571041667	2.32565619227937	104.902525	107.80475	109.38	110.876	113.99645	4796.57291528264
superscaffold26.80.1	116.495704166667	2.85526360086898	111.12495	114.54275	116.385	118.41325	122.395175	4422.76532795183
superscaffold26.79.1	142.650106666667	3.6120546412937	135.885875	140.17275	142.5535	145.0555	150.203575	4416.52450903482
superscaffold26.78.1	140.3936775	2.96486314890269	134.7249	138.34175	140.355	142.367	146.167175	3996.50487236416
superscaffold26.77.1	113.196585833333	2.2132130905852	109.00095	111.6825	113.143	114.6925	117.61725	4799.99999999999
superscaffold26.76.1	92.7786329166667	2.34456156509643	88.445	91.14075	92.6825	94.28225	97.6542	4596.19858057487
superscaffold26.75.1	184.112475208333	4.20347627530493	176.137375	181.24	184.0315	186.874	192.7183	4800.00000000001
superscaffold26.74.1	177.858650625	3.9422928216487	170.47275	174.9935	177.782	180.50475	185.867075	3983.34347452932
superscaffold26.73.1	168.034304375	4.35173609760546	159.895875	164.955	167.886	170.993	176.903125	4332.84354943028
superscaffold26.72.1	140.095628125	3.36978496327726	133.4547	137.845	140.0345	142.39525	146.8354	4597.65546425384
superscaffold26.71.1	138.317285	3.2872937547583	132.025575	136.06075	138.2285	140.47325	144.882625	4116.66799922858
superscaffold26.70.1	167.093283333333	4.0944122800823	159.367	164.30725	166.9805	169.7605	175.305575	4562.05810064924
superscaffold26.69.1	103.702683125	2.1411121574772	99.5407	102.29075	103.6635	105.115	108.09515	4800
superscaffold26.68.1	172.639310416667	4.34311602232637	164.53395	169.65575	172.4405	175.469	181.484175	4800
superscaffold26.67.1	203.782201458333	5.04143481546483	194.19965	200.40775	203.6925	207.0725	213.95	4234.58763179469
superscaffold26.66.1	143.386879791667	3.93159740828025	136.097725	140.584	143.207	145.9055	151.522175	4390.52657666818
superscaffold26.65.1	114.452688333333	2.50564203664128	109.820975	112.686	114.3665	116.05625	119.530375	3961.10462333423
superscaffold26.64.1	117.156110625	2.31953011837474	112.7067	115.55475	117.1285	118.70175	121.840725	4464.79943624741
superscaffold26.63.1	116.798772708333	2.40257175959797	112.11295	115.15775	116.7475	118.40825	121.53215	4813.63636864527
superscaffold26.62.1	122.050475833333	2.36979698774317	117.437775	120.47275	122.077	123.61625	126.75615	4314.71613830474
superscaffold26.61.1	113.331760625	2.17917781264982	109.1039	111.89675	113.2405	114.7755	117.8131	3473.41099806755
superscaffold26.60.1	140.725207916667	2.9525327461533	135.139675	138.73475	140.6545	142.625	146.665275	4800.00000000002
superscaffold26.59.1	96.1445208333333	2.27954153392745	91.78195	94.59775	96.0895	97.60525	100.766175	4800
superscaffold26.58.1	115.070170208333	2.67613596836547	110.048425	113.255	115.014	116.8735	120.46445	5028.39634557757
superscaffold26.57.1	136.5084675	2.92715040762196	131.0179	134.5115	136.3865	138.42325	142.4943	4800
superscaffold26.56.1	268.901188541667	9.03594865143299	251.647575	262.61475	268.7585	274.98	286.9497	4800.00000000001
superscaffold26.55.1	169.04143625	4.52780620848262	160.490875	165.924	168.974	171.94475	178.361	4800.00000000002
superscaffold26.54.1	166.468585833333	5.18997808029874	157.322975	162.81975	165.9985	169.72575	177.88695	3254.53996731963
superscaffold26.53.1	207.204210833333	6.47189543966221	195.483975	202.59575	206.948	211.50325	220.114525	3369.47834835146
superscaffold26.52.1	187.153621458333	5.52331902962138	176.576025	183.4175	187.099	190.608	198.32135	4594.77510329594
superscaffold26.51.1	226.775944583333	6.15429372322844	215.33955	222.59775	226.467	230.7675	239.43855	4202.33496695216
superscaffold26.50.1	238.200495	7.63665950078156	223.734775	233.06675	237.925	243.27175	253.59685	2964.2485743707
superscaffold26.49.1	271.563063541667	7.7600401143749	256.866625	266.044	271.411	276.79425	287.373025	4158.47999656397
superscaffold26.48.1	213.480039583333	5.23368553596094	203.50235	209.92075	213.3655	216.92575	223.906225	4218.70897718897
superscaffold26.47.1	155.384201666667	3.94587414854593	147.955825	152.63025	155.2805	157.96375	163.310325	4800
superscaffold26.46.1	264.106198333333	12.7065218301322	239.212675	255.65875	263.9335	272.302	289.90035	4165.31465608608
superscaffold26.45.1	270.845282708333	13.2365842769724	246.1299	261.955	270.361	279.671	297.3546	4151.83891614448
superscaffold26.44.1	131.393198541667	2.82461027573568	126.089525	129.484	131.284	133.22325	137.206025	4800.00000000001
superscaffold26.43.1	207.832812916667	6.656499655438	195.60695	203.2785	207.69	212.3165	221.2031	3289.3586270327
superscaffold26.42.1	270.644244166667	8.73152574379247	254.112625	264.8595	270.34	276.3295	288.986075	3593.96812746449
superscaffold26.41.1	351.036953541667	11.414736165227	330.038775	343.01575	350.852	358.64775	373.994775	790.865156969832
superscaffold26.40.1	296.844647291667	7.82049566007267	282.1747	291.557	296.5485	301.92375	312.3896	3567.02613217341
superscaffold26.39.1	251.98479875	8.65502998709024	235.910225	245.99075	251.793	257.53075	269.926975	2787.70635112643
superscaffold26.38.1	388.10079375	17.7400373539578	358.17885	376.1735	386.1445	398.31925	428.353825	668.164648801913
superscaffold26.37.1	355.816164166667	14.6797365901449	329.097325	345.5325	355.4225	365.60325	384.97405	3869.24479543831
superscaffold26.36.1	227.985092083333	7.65049278299991	213.1887	222.9525	227.857	232.88425	243.3723	3580.03454792879
superscaffold26.35.1	297.943105833333	8.11480199411391	282.6719	292.3365	297.8685	303.40225	314.3405	4231.03168352488
superscaffold26.34.1	292.545719791667	8.18953135754696	276.77995	286.90625	292.41	298.07625	309.146725	3120.38715513576
superscaffold26.33.1	366.849219375	10.0211501898602	348.2447	359.85325	366.5035	373.3885	387.288425	2032.38319528944
superscaffold26.32.1	313.90549625	8.46549107653512	297.470925	308.02775	313.886	319.633	330.7511	4454.1924314875
superscaffold26.31.1	273.749257291667	8.54276387620308	257.241925	268.11625	273.6035	279.612	290.452325	4374.02821032708
superscaffold26.30.1	395.981284375	15.1343681028665	368.752825	385.40875	395.1835	406.0295	426.88865	4144.31129469903
superscaffold26.29.1	310.071585625	14.4303297470078	283.10785	299.9895	309.552	319.164	340.84845	3861.81709768857
superscaffold26.28.1	178.232291458333	4.40566271762904	169.9098	175.151	178.1445	181.15475	187.0931	4504.39002302491
superscaffold26.27.1	167.1323775	3.9841200288974	159.622925	164.416	166.9815	169.698	175.525175	4800
superscaffold26.26.1	257.71473125	7.33004589091585	243.8547	252.71175	257.4675	262.43575	272.644475	4516.70415945115
superscaffold26.25.1	263.379938958333	7.1203003761335	250.22275	258.4775	263.1205	268.0635	277.807075	4800
superscaffold26.24.1	201.678765625	5.66933476719327	190.870725	197.746	201.6035	205.44625	212.864825	3388.76347098968
superscaffold26.23.1	311.775655416667	9.43901987353375	294.447	305.367	311.408	317.76625	331.601175	3075.04089000247
superscaffold26.22.1	425.913846041667	12.5101601866003	402.2127	417.55925	425.546	434.0805	451.0693	3710.79038722415
superscaffold26.21.1	493.959159791667	18.9600261326043	457.289775	481.16775	493.4105	506.78725	531.263975	2024.952633515
superscaffold26.20.1	504.103495	16.7649853577822	471.958875	492.6685	503.7225	514.9745	538.48405	1835.78251132037
superscaffold26.19.1	300.959625833333	7.12691133526031	287.373825	296.06125	300.964	305.6425	315.641075	4542.5572569281
superscaffold26.18.1	265.0628975	5.95146235716061	253.8324	260.9425	264.935	269.10425	277.0346	4450.70107098747
superscaffold26.17.1	224.333746875	5.02153279410811	214.7409	220.9405	224.2345	227.6775	234.26275	4800
superscaffold26.16.1	272.510166666667	8.22818866523511	256.9038	266.73925	272.4895	278.03875	288.962	4261.69533761857
superscaffold26.15.1	355.54118	11.0248004046978	334.374475	347.827	355.4755	362.8535	377.96435	3792.37362712808
superscaffold26.14.1	611.939459166667	23.5797197066296	567.19185	595.39475	611.5775	627.73075	658.818775	4800
superscaffold26.13.1	409.981135416667	12.2844840182611	386.56085	401.668	409.7345	418.061	434.91545	4800.00000000002
superscaffold26.12.1	319.285583333333	10.7948412077962	298.84985	311.97975	319.181	326.09725	340.86165	3539.66067682113
superscaffold26.11.1	312.59138625	8.85554933492642	295.841825	306.3195	312.3735	318.4545	330.4154	4468.81608190298
superscaffold26.10.1	347.5321	9.62474845425418	329.057925	341.03675	347.3695	353.909	366.923425	2793.18336427854
superscaffold26.9.1	327.065255	9.33655074866787	309.2117	320.54625	327.087	333.28275	345.653	3938.80833628098
superscaffold26.8.1	270.441017291667	6.87409409884987	257.206575	265.758	270.339	274.925	284.004175	4545.32500785512
superscaffold26.7.1	342.968840208333	12.837715821733	319.640675	333.98125	342.4335	351.0785	369.74885	1976.15988304358
superscaffold26.6.1	307.880926666667	13.3606135187987	283.89885	298.4985	307.284	316.37275	335.961475	2387.90401429976
superscaffold26.5.1	280.7394775	8.70106893150827	264.66615	274.64675	280.387	286.2115	298.84135	4417.79190779776
superscaffold26.4.1	328.0198325	9.40886956515659	310.0679	321.70075	327.9475	334.18425	347.004975	3428.73103185476
superscaffold26.3.1	150.807665416667	3.71268688610905	143.8299	148.237	150.669	153.29575	158.216175	4800
superscaffold26.2.1	179.598784583333	4.10531672465386	171.622875	176.6475	179.563	182.41325	187.78205	3060.9890852453
superscaffold26.1.1	199.254111875	5.19845583683292	189.585875	195.6295	199.1105	202.72625	210.017125	4800.00000000001
