scaffold	mean	SD	2.5	25	50	75	97.5	ESS
superscaffold35.34.1	-783497.445048958	10.1251108208818	-783521.77915	-783502.792	-783495.6915	-783490.212	-783481.979225	498.830203249968
superscaffold35.33.1	-1366081.58430125	14.0780705525991	-1366106.9866	-1366091.5025	-1366082.217	-1366072.67675	-1366050.934475	536.459306321634
superscaffold35.32.1	-1349927.82520729	15.4969210905355	-1349959.286075	-1349938.33	-1349927.2065	-1349917.03175	-1349898.51085	537.862711835193
superscaffold35.31.1	-1322903.7136825	14.3143957613637	-1322931.997275	-1322913.3635	-1322903.709	-1322893.8895	-1322876.492875	517.5200682919
superscaffold35.30.1	-1287400.94373875	11.3958672150442	-1287423.4595	-1287408.339	-1287400.6965	-1287393.13575	-1287379.3062	1706.85228549958
superscaffold35.29.1	-1307505.39058563	13.5077819800831	-1307532.425075	-1307514.28425	-1307505.122	-1307496.224	-1307479.777875	1518.25313084152
superscaffold35.28.1	-1317346.60105542	17.4853042895292	-1317381.7349	-1317358.489	-1317346.08	-1317333.978	-1317314.1148	504.324782213173
superscaffold35.27.1	-1309990.59062	13.8660060392941	-1310016.792775	-1309999.9645	-1309991.128	-1309981.836	-1309962.1774	798.825966275805
superscaffold35.26.1	-1314568.28401292	19.382127644126	-1314607.4383	-1314581.516	-1314567.742	-1314555.1215	-1314531.115525	378.798857201414
superscaffold35.25.1	-1263320.95535896	14.0221927628759	-1263351.15495	-1263330.01675	-1263320.144	-1263311.252	-1263295.12235	1115.08284804126
superscaffold35.24.1	-1254891.44126542	11.6645058405327	-1254914.613	-1254899.07825	-1254891.2855	-1254883.74425	-1254869.021975	764.373944854811
superscaffold35.23.1	-1251575.4627025	10.4732425592832	-1251596.9069	-1251582.30775	-1251575.1875	-1251568.43275	-1251555.5257	1929.87178518719
superscaffold35.22.1	-1310982.53216604	13.3803583729628	-1311009.421025	-1310991.81325	-1310982.0365	-1310972.91375	-1310958.041625	1289.2827081831
superscaffold35.21.1	-1334622.93722083	11.7589450543398	-1334646.346925	-1334630.73575	-1334622.966	-1334614.91525	-1334599.8744	2006.45769392605
superscaffold35.20.1	-1274936.78519333	13.2875121067882	-1274963.3537	-1274945.54725	-1274936.7885	-1274927.8805	-1274911.062925	934.123403158623
superscaffold35.19.1	-1361454.5678225	14.6939618972897	-1361484.253325	-1361464.34	-1361454.2085	-1361444.7195	-1361426.027725	1022.38749258454
superscaffold35.18.1	-1337797.94489458	15.5275687946295	-1337830.057175	-1337808.45725	-1337796.9785	-1337787.2485	-1337769.61395	848.270728980869
superscaffold35.17.1	-1329239.91360146	13.9098059736573	-1329268.712025	-1329248.89525	-1329239.393	-1329230.434	-1329213.930925	1067.40107453984
superscaffold35.16.1	-1373279.59588646	10.5708936301062	-1373301.096025	-1373286.34525	-1373279.37	-1373272.351	-1373259.351775	3467.82149683908
superscaffold35.15.1	-1351839.54232521	12.8871922927914	-1351866.068625	-1351848.0015	-1351839.105	-1351830.63975	-1351815.69685	1076.68296777415
superscaffold35.14.1	-1372232.86355271	14.2776217652968	-1372260.047975	-1372242.931	-1372233.0865	-1372223.148	-1372204.35095	1127.88504158455
superscaffold35.13.1	-1356166.77710292	13.8862148678433	-1356193.5234	-1356176.25975	-1356166.917	-1356157.33425	-1356138.867725	1179.81036107378
superscaffold35.12.1	-1350144.47040083	12.7418376587039	-1350170.583425	-1350152.9705	-1350144.214	-1350135.3585	-1350120.42115	1353.26370424959
superscaffold35.11.1	-1455675.23993813	12.6130984435083	-1455701.545925	-1455683.4155	-1455674.829	-1455666.5315	-1455651.72725	403.69830179636
superscaffold35.10.1	-1357350.0020575	17.0822738132287	-1357382.8471	-1357361.88375	-1357350.0635	-1357337.76025	-1357317.585	222.034064895852
superscaffold35.9.1	-1301571.89407042	13.0487406269429	-1301597.11215	-1301580.804	-1301572.059	-1301562.979	-1301546.783825	1772.351822427
superscaffold35.8.1	-1364117.14963063	13.514265974758	-1364143.5919	-1364125.888	-1364117.301	-1364107.93875	-1364091.42475	1458.63252768785
superscaffold35.7.1	-1293592.84290563	12.8254644141681	-1293618.2422	-1293601.27425	-1293592.5265	-1293584.1865	-1293568.211	476.9587065075
superscaffold35.6.1	-1385946.88674187	14.2870721939236	-1385974.88325	-1385956.3095	-1385946.919	-1385937.21875	-1385919.474425	1098.67248818565
superscaffold35.5.1	-1279686.56791854	13.5485058618261	-1279713.46645	-1279695.6265	-1279686.124	-1279677.2755	-1279660.544875	976.897203089404
superscaffold35.4.1	-1343133.898665	13.692876238022	-1343160.93685	-1343143.07225	-1343133.7305	-1343124.3765	-1343107.8496	1187.10540815873
superscaffold35.3.1	-1242653.59334917	14.0874414459848	-1242681.4534	-1242663.07075	-1242653.3215	-1242644.251	-1242626.049025	1518.91115214572
superscaffold35.2.1	-1353924.08016083	10.9381178767252	-1353945.01755	-1353931.57325	-1353924.2325	-1353916.79625	-1353901.740925	1599.42222790628
superscaffold35.1.1	-1323088.04492167	11.1034843803447	-1323109.949425	-1323095.252	-1323088.372	-1323080.5815	-1323065.87185	1979.72890089891
superscaffold35.34.1	-783497.445048958	10.1251108208818	-783521.77915	-783502.792	-783495.6915	-783490.212	-783481.979225	498.830203249968
superscaffold35.33.1	-1366081.58430125	14.0780705525991	-1366106.9866	-1366091.5025	-1366082.217	-1366072.67675	-1366050.934475	536.459306321634
superscaffold35.32.1	-1349927.82520729	15.4969210905355	-1349959.286075	-1349938.33	-1349927.2065	-1349917.03175	-1349898.51085	537.862711835193
superscaffold35.31.1	-1322903.7136825	14.3143957613637	-1322931.997275	-1322913.3635	-1322903.709	-1322893.8895	-1322876.492875	517.5200682919
superscaffold35.30.1	-1287400.94373875	11.3958672150442	-1287423.4595	-1287408.339	-1287400.6965	-1287393.13575	-1287379.3062	1706.85228549958
superscaffold35.29.1	-1307505.39058563	13.5077819800831	-1307532.425075	-1307514.28425	-1307505.122	-1307496.224	-1307479.777875	1518.25313084152
superscaffold35.28.1	-1317346.60105542	17.4853042895292	-1317381.7349	-1317358.489	-1317346.08	-1317333.978	-1317314.1148	504.324782213173
superscaffold35.27.1	-1309990.59062	13.8660060392941	-1310016.792775	-1309999.9645	-1309991.128	-1309981.836	-1309962.1774	798.825966275805
superscaffold35.26.1	-1314568.28401292	19.382127644126	-1314607.4383	-1314581.516	-1314567.742	-1314555.1215	-1314531.115525	378.798857201414
superscaffold35.25.1	-1263320.95535896	14.0221927628759	-1263351.15495	-1263330.01675	-1263320.144	-1263311.252	-1263295.12235	1115.08284804126
superscaffold35.24.1	-1254891.44126542	11.6645058405327	-1254914.613	-1254899.07825	-1254891.2855	-1254883.74425	-1254869.021975	764.373944854811
superscaffold35.23.1	-1251575.4627025	10.4732425592832	-1251596.9069	-1251582.30775	-1251575.1875	-1251568.43275	-1251555.5257	1929.87178518719
superscaffold35.22.1	-1310982.53216604	13.3803583729628	-1311009.421025	-1310991.81325	-1310982.0365	-1310972.91375	-1310958.041625	1289.2827081831
superscaffold35.21.1	-1334622.93722083	11.7589450543398	-1334646.346925	-1334630.73575	-1334622.966	-1334614.91525	-1334599.8744	2006.45769392605
superscaffold35.20.1	-1274936.78519333	13.2875121067882	-1274963.3537	-1274945.54725	-1274936.7885	-1274927.8805	-1274911.062925	934.123403158623
superscaffold35.19.1	-1361454.5678225	14.6939618972897	-1361484.253325	-1361464.34	-1361454.2085	-1361444.7195	-1361426.027725	1022.38749258454
superscaffold35.18.1	-1337797.94489458	15.5275687946295	-1337830.057175	-1337808.45725	-1337796.9785	-1337787.2485	-1337769.61395	848.270728980869
superscaffold35.17.1	-1329239.91360146	13.9098059736573	-1329268.712025	-1329248.89525	-1329239.393	-1329230.434	-1329213.930925	1067.40107453984
superscaffold35.16.1	-1373279.59588646	10.5708936301062	-1373301.096025	-1373286.34525	-1373279.37	-1373272.351	-1373259.351775	3467.82149683908
superscaffold35.15.1	-1351839.54232521	12.8871922927914	-1351866.068625	-1351848.0015	-1351839.105	-1351830.63975	-1351815.69685	1076.68296777415
superscaffold35.14.1	-1372232.86355271	14.2776217652968	-1372260.047975	-1372242.931	-1372233.0865	-1372223.148	-1372204.35095	1127.88504158455
superscaffold35.13.1	-1356166.77710292	13.8862148678433	-1356193.5234	-1356176.25975	-1356166.917	-1356157.33425	-1356138.867725	1179.81036107378
superscaffold35.12.1	-1350144.47040083	12.7418376587039	-1350170.583425	-1350152.9705	-1350144.214	-1350135.3585	-1350120.42115	1353.26370424959
superscaffold35.11.1	-1455675.23993813	12.6130984435083	-1455701.545925	-1455683.4155	-1455674.829	-1455666.5315	-1455651.72725	403.69830179636
superscaffold35.10.1	-1357350.0020575	17.0822738132287	-1357382.8471	-1357361.88375	-1357350.0635	-1357337.76025	-1357317.585	222.034064895852
superscaffold35.9.1	-1301571.89407042	13.0487406269429	-1301597.11215	-1301580.804	-1301572.059	-1301562.979	-1301546.783825	1772.351822427
superscaffold35.8.1	-1364117.14963063	13.514265974758	-1364143.5919	-1364125.888	-1364117.301	-1364107.93875	-1364091.42475	1458.63252768785
superscaffold35.7.1	-1293592.84290563	12.8254644141681	-1293618.2422	-1293601.27425	-1293592.5265	-1293584.1865	-1293568.211	476.9587065075
superscaffold35.6.1	-1385946.88674187	14.2870721939236	-1385974.88325	-1385956.3095	-1385946.919	-1385937.21875	-1385919.474425	1098.67248818565
superscaffold35.5.1	-1279686.56791854	13.5485058618261	-1279713.46645	-1279695.6265	-1279686.124	-1279677.2755	-1279660.544875	976.897203089404
superscaffold35.4.1	-1343133.898665	13.692876238022	-1343160.93685	-1343143.07225	-1343133.7305	-1343124.3765	-1343107.8496	1187.10540815873
superscaffold35.3.1	-1242653.59334917	14.0874414459848	-1242681.4534	-1242663.07075	-1242653.3215	-1242644.251	-1242626.049025	1518.91115214572
superscaffold35.2.1	-1353924.08016083	10.9381178767252	-1353945.01755	-1353931.57325	-1353924.2325	-1353916.79625	-1353901.740925	1599.42222790628
superscaffold35.1.1	-1323088.04492167	11.1034843803447	-1323109.949425	-1323095.252	-1323088.372	-1323080.5815	-1323065.87185	1979.72890089891
superscaffold54.105.1	-28757.09944125	2.01284464942318	-28759.981075	-28758.023	-28757.712	-28756.74675	-28751.96095	4799.99999999998
superscaffold54.104.1	-1214415.14584625	12.8158489643287	-1214438.1025	-1214424.12225	-1214415.8995	-1214407.105	-1214388.092575	997.537796949106
superscaffold54.103.1	-1341338.41962354	17.0628544221293	-1341370.282075	-1341350.55225	-1341338.4805	-1341326.92275	-1341303.53655	568.795525976665
superscaffold54.102.1	-1269182.18853833	22.1896312493682	-1269223.0876	-1269198.64425	-1269182.7675	-1269166.681	-1269139.06965	36.9384875030881
superscaffold54.101.1	-1358472.90463437	20.7523564264125	-1358512.243175	-1358486.93225	-1358473.5295	-1358458.9425	-1358431.5516	278.37924574092
superscaffold54.100.1	-1326260.67685042	19.8549869817722	-1326298.9909	-1326273.7615	-1326261.1775	-1326247.43125	-1326219.862575	366.238385242097
superscaffold54.99.1	-1322053.79317521	16.1999311108339	-1322086.242825	-1322064.607	-1322053.578	-1322042.487	-1322023.158475	761.180283964097
superscaffold54.98.1	-1369271.34975188	16.146740291786	-1369304.248225	-1369281.94875	-1369270.8165	-1369260.119	-1369241.860225	496.270885597729
superscaffold54.97.1	-1342334.40257938	17.5476789937562	-1342369.994475	-1342345.998	-1342333.7655	-1342322.606	-1342300.47375	277.544580797786
superscaffold54.96.1	-1376287.56315146	13.5973645153561	-1376314.90375	-1376296.3075	-1376287.417	-1376278.02275	-1376262.10745	782.340597679895
superscaffold54.95.1	-1278250.48627	11.1912914181976	-1278273.413575	-1278257.7535	-1278250.2715	-1278242.52375	-1278229.8733	2000.51799356188
superscaffold54.94.1	-1203321.45415729	12.7054665904366	-1203347.494075	-1203329.82525	-1203320.9	-1203312.9255	-1203297.49425	1731.76687385177
superscaffold54.93.1	-1235665.52109542	14.1228173903475	-1235693.983075	-1235674.91475	-1235665.286	-1235655.8815	-1235638.607	1523.33161769987
superscaffold54.92.1	-1313324.17281687	17.5694931168618	-1313358.15605	-1313336.074	-1313323.8405	-1313312.35775	-1313290.22925	582.288407370696
superscaffold54.91.1	-1395129.19919271	14.6419979971147	-1395159.4943	-1395138.5475	-1395128.875	-1395119.36425	-1395100.954425	1279.48002160822
superscaffold54.90.1	-1402117.32292771	15.4893722146122	-1402147.66025	-1402127.86575	-1402117.61	-1402106.9515	-1402086.3219	521.779185461231
superscaffold54.89.1	-1292313.35076688	16.5139005684615	-1292346.783375	-1292324.34575	-1292311.9825	-1292301.4735	-1292284.02275	117.229599584272
superscaffold54.88.1	-1363505.37493104	12.454332167913	-1363529.007	-1363513.724	-1363505.602	-1363497.31525	-1363480.426725	1053.47694176623
superscaffold54.87.1	-1277737.01067937	13.5436800917438	-1277764.079325	-1277746.10175	-1277736.9075	-1277727.67925	-1277711.5017	668.146791777833
superscaffold54.86.1	-1322667.16695813	11.56778074209	-1322689.172075	-1322675.00075	-1322667.317	-1322659.382	-1322644.863525	689.930008436665
superscaffold54.85.1	-1247936.86957938	14.1043112172647	-1247965.260925	-1247946.01275	-1247936.507	-1247927.098	-1247909.8979	1183.78775212292
superscaffold54.84.1	-1274099.61292708	16.0319186246216	-1274131.691825	-1274110.10475	-1274099.521	-1274088.83725	-1274068.441525	657.685395031286
superscaffold54.83.1	-1334510.61702083	12.3921772518892	-1334534.1633	-1334518.85625	-1334510.61	-1334502.1315	-1334486.380725	455.521680390413
superscaffold54.82.1	-1353422.85568083	13.1262690807034	-1353449.487925	-1353431.25125	-1353422.438	-1353413.9475	-1353397.8446	790.805810492677
superscaffold54.81.1	-1309205.06720396	13.9078629232574	-1309234.05395	-1309214.18675	-1309204.685	-1309195.59225	-1309179.038625	660.177704335364
superscaffold54.80.1	-1310308.58734688	11.1614990885265	-1310331.752075	-1310315.71725	-1310308.08	-1310301.20225	-1310287.8339	1835.85220432292
superscaffold54.79.1	-1344721.30920583	11.5968285158083	-1344745.413175	-1344728.72725	-1344720.7215	-1344713.26375	-1344700.515975	2346.87983949211
superscaffold54.78.1	-1333338.89487375	13.1692359352412	-1333367.638075	-1333347.01475	-1333337.9175	-1333329.459	-1333315.94795	1562.84356013933
superscaffold54.77.1	-1312545.73224646	13.3834943326817	-1312573.80855	-1312554.76825	-1312545.0205	-1312536.1225	-1312521.7127	994.006292708858
superscaffold54.76.1	-1360341.22328854	13.2682290989839	-1360367.753075	-1360350.14175	-1360340.8185	-1360332.0905	-1360316.4693	1034.51066511806
superscaffold54.75.1	-1311506.30809604	13.8467733607358	-1311534.2384	-1311515.455	-1311505.891	-1311496.85775	-1311480.42965	1940.50463844463
superscaffold54.74.1	-1379706.37746958	12.6864565040364	-1379731.780475	-1379714.75275	-1379706.3145	-1379697.7605	-1379681.81985	1825.98003843441
superscaffold54.73.1	-1377283.28388417	16.5182624588285	-1377318.29915	-1377294.1395	-1377281.8035	-1377271.42675	-1377254.024975	160.617464183319
superscaffold54.72.1	-1340201.53190396	15.2528554367688	-1340234.326375	-1340211.5575	-1340200.495	-1340190.82375	-1340174.0265	325.524537613016
superscaffold54.71.1	-1370271.646505	13.5258141472636	-1370297.662	-1370280.7475	-1370271.778	-1370262.63	-1370244.29735	985.033110682515
superscaffold54.70.1	-1337799.91233479	14.9689252980934	-1337828.297075	-1337809.89125	-1337800.265	-1337790.49225	-1337768.8475	387.1058390534
superscaffold54.69.1	-1290722.94186604	13.7392061030731	-1290749.344075	-1290732.6195	-1290722.9245	-1290713.358	-1290696.756075	1122.73063735584
superscaffold54.68.1	-1320029.57162896	14.2512360520727	-1320058.3756	-1320038.93975	-1320029.247	-1320020.14025	-1320001.73675	1279.48274388177
superscaffold54.67.1	-1295641.01637417	15.3431103708358	-1295672.251775	-1295651.231	-1295640.49	-1295630.484	-1295612.37295	559.168609406405
superscaffold54.66.1	-1345952.72894688	18.2784788617701	-1345990.38655	-1345965.0985	-1345952.0665	-1345940.0685	-1345917.62775	436.040439402715
superscaffold54.65.1	-1398390.81041167	14.4538540104227	-1398418.9233	-1398400.1465	-1398390.957	-1398381.7425	-1398361.894775	951.712706193283
superscaffold54.64.1	-1370723.88588313	15.6824007929141	-1370754.96555	-1370733.93025	-1370723.7725	-1370713.4415	-1370693.612525	1123.10107813009
superscaffold54.63.1	-1320369.25012688	14.9575543099927	-1320399.931075	-1320379.1585	-1320368.5395	-1320358.9335	-1320341.34605	525.840913539609
superscaffold54.62.1	-1258056.30723687	12.8783997821329	-1258082.8701	-1258064.63975	-1258056.007	-1258047.798	-1258031.6008	1428.42102948186
superscaffold54.61.1	-1323551.42616604	10.6603792485523	-1323573.5722	-1323558.331	-1323551.223	-1323544.41	-1323530.6816	2015.29669975463
superscaffold54.60.1	-1387984.14101646	19.6811806986907	-1388021.797325	-1387997.6335	-1387984.102	-1387970.85	-1387945.266675	364.728304916516
superscaffold54.59.1	-1380472.92760021	17.086116428162	-1380504.880225	-1380484.91525	-1380473.7105	-1380461.2015	-1380438.779875	694.449493992586
superscaffold54.58.1	-1344402.43505917	11.8426151944454	-1344425.896	-1344410.28025	-1344402.224	-1344394.62025	-1344379.1038	1251.24266954439
superscaffold54.57.1	-1330844.77689812	13.5067698838533	-1330870.6971	-1330853.943	-1330845.0355	-1330835.4815	-1330818.410175	1608.78036026757
superscaffold54.56.1	-1371381.44224562	13.8142440659762	-1371410.7646	-1371390.44775	-1371380.5475	-1371371.55575	-1371356.823625	583.677343713017
superscaffold54.55.1	-1289580.98874375	13.90348196196	-1289608.4961	-1289590.26875	-1289581.0925	-1289571.504	-1289554.62885	922.893196197086
superscaffold54.54.1	-1317701.59488792	13.5545361649719	-1317729.910725	-1317710.6285	-1317700.8325	-1317691.6925	-1317677.903875	1024.08604280779
superscaffold54.53.1	-1288587.65074396	10.0978779721906	-1288607.70325	-1288594.37425	-1288587.567	-1288580.80725	-1288568.2504	3145.51024378288
superscaffold54.52.1	-1150868.54512729	13.3493915443237	-1150895.2605	-1150877.47925	-1150868.2035	-1150858.82025	-1150844.503	436.819987858482
superscaffold54.51.1	-1364627.57884333	11.2540257999726	-1364650.58	-1364634.8695	-1364627.377	-1364619.7705	-1364606.1424	1833.08797188488
superscaffold54.50.1	-1285761.20590333	12.951176253234	-1285788.474975	-1285769.426	-1285760.4185	-1285752.223	-1285737.86765	811.00693013713
superscaffold54.49.1	-1303143.60699125	14.612263768136	-1303172.427975	-1303153.54225	-1303143.23	-1303133.56025	-1303115.74035	560.457354833019
superscaffold54.48.1	-1304154.29876083	13.1774301692595	-1304181.82365	-1304162.639	-1304153.823	-1304145.147	-1304129.788125	438.213155815417
superscaffold54.47.1	-1350253.92882042	14.0249461880343	-1350281.545075	-1350263.44	-1350253.684	-1350244.3075	-1350227.4758	1667.36419107604
superscaffold54.46.1	-1321031.80595854	11.6557834325592	-1321055.0822	-1321039.63825	-1321031.3525	-1321023.65175	-1321010.035675	1627.03771113606
superscaffold54.45.1	-1286058.81189313	12.4611995300407	-1286084.245625	-1286067.04025	-1286058.754	-1286050.13325	-1286035.21745	1107.79150289476
superscaffold54.44.1	-1283607.72206188	14.9910945750789	-1283637.7011	-1283617.7535	-1283607.6155	-1283597.4255	-1283578.836975	1054.80151685764
superscaffold54.43.1	-1305506.85766729	10.9093659418087	-1305527.660275	-1305514.2685	-1305507.0985	-1305499.55075	-1305485.1979	2490.56944340674
superscaffold54.42.1	-1378531.28661104	13.7136540888039	-1378556.2757	-1378540.8005	-1378531.7775	-1378522.33175	-1378502.178175	1521.66709072038
superscaffold54.41.1	-1271611.17241042	12.1804873304683	-1271636.213325	-1271618.9235	-1271611.0185	-1271602.846	-1271587.245625	1511.27105350488
superscaffold54.40.1	-1329743.51484396	13.411546845061	-1329770.194875	-1329752.4355	-1329743.181	-1329734.41325	-1329717.87255	1475.46534076872
superscaffold54.39.1	-1331313.96804875	19.0996258980149	-1331351.949575	-1331326.58675	-1331313.5455	-1331301.41025	-1331276.378075	367.436142427525
superscaffold54.38.1	-1364975.85674792	14.4750211464307	-1365004.12875	-1364985.619	-1364975.9735	-1364965.9005	-1364947.53155	1094.78005369532
superscaffold54.37.1	-1401956.19603458	14.8211237487474	-1401985.42725	-1401965.96425	-1401956.4325	-1401946.4445	-1401926.515575	740.850971451777
superscaffold54.36.1	-1263806.59603917	13.5180533919163	-1263833.204275	-1263815.5565	-1263806.2565	-1263797.5465	-1263780.782325	1521.66821321538
superscaffold54.35.1	-1347800.22197854	12.1231462034135	-1347823.356425	-1347808.43725	-1347800.311	-1347792.06	-1347776.350075	1409.67496937796
superscaffold54.34.1	-1402389.31369479	14.0074880685002	-1402417.8488	-1402398.523	-1402388.9	-1402379.68725	-1402363.0906	672.775517866593
superscaffold54.33.1	-1363293.63018542	12.9417768662617	-1363319.636775	-1363302.231	-1363293.6615	-1363284.76775	-1363268.036975	1349.90493158184
superscaffold54.32.1	-1332026.18758375	10.9944818706173	-1332047.17105	-1332033.8	-1332026.0735	-1332018.6365	-1332004.78685	2098.13830122322
superscaffold54.31.1	-1321952.95005	9.95576802661551	-1321972.715625	-1321959.35175	-1321952.7355	-1321946.34875	-1321933.18695	2152.00754096543
superscaffold54.30.1	-1406181.58095146	12.813797088291	-1406208.0873	-1406189.81775	-1406181.2825	-1406172.918	-1406157.4325	2622.40781841179
superscaffold54.29.1	-1339677.52536667	13.2076431036557	-1339704.60865	-1339685.85175	-1339677.056	-1339668.576	-1339653.01705	1982.49964682191
superscaffold54.28.1	-1354198.245505	13.7621520429574	-1354224.702125	-1354207.47825	-1354198.2755	-1354188.9845	-1354171.094925	1059.22029010845
superscaffold54.27.1	-1412904.73955042	17.1670283422043	-1412937.967175	-1412916.55825	-1412904.9345	-1412892.88875	-1412872.508025	541.34128802903
superscaffold54.26.1	-1373569.79045771	12.5836997461397	-1373593.51145	-1373578.25575	-1373570.0095	-1373561.586	-1373543.530875	854.690109224766
superscaffold54.25.1	-1385268.43489438	11.7087795632904	-1385290.357025	-1385276.44275	-1385269.016	-1385260.8955	-1385244.273925	1562.5261408402
superscaffold54.24.1	-1348319.36920188	17.8133048341122	-1348353.99315	-1348331.43575	-1348318.814	-1348307.11275	-1348285.905575	600.875657906724
superscaffold54.23.1	-1325944.90414854	12.5618964943134	-1325968.264925	-1325953.60525	-1325944.967	-1325936.52025	-1325920.0616	1833.88929523953
superscaffold54.22.1	-1341020.42156396	14.8797701507232	-1341048.53205	-1341030.632	-1341020.6135	-1341010.146	-1340990.66555	908.500594706051
superscaffold54.21.1	-1342668.33698896	17.5628295204038	-1342703.39635	-1342680.011	-1342668.312	-1342656.165	-1342634.7898	492.536174854945
superscaffold54.20.1	-1342050.27237563	12.4805774121755	-1342074.615025	-1342058.87725	-1342050.4685	-1342041.46775	-1342025.4895	1007.5946917991
superscaffold54.19.1	-1354267.24577021	16.9755170836298	-1354300.598425	-1354278.856	-1354267.2965	-1354255.741	-1354233.958875	789.941913308146
superscaffold54.18.1	-1377780.46337688	10.4205628420157	-1377800.957275	-1377787.206	-1377780.419	-1377773.61625	-1377759.818275	2616.36522087612
superscaffold54.17.1	-1403832.86066854	11.9277787818177	-1403856.410025	-1403840.7625	-1403832.8015	-1403824.8575	-1403809.5974	1847.99401012012
superscaffold54.16.1	-1325845.56315479	13.8319953387586	-1325873.73925	-1325854.347	-1325845.433	-1325836.40825	-1325819.06855	1270.33206850058
superscaffold54.15.1	-1374710.89101292	17.273189217813	-1374743.82085	-1374722.72325	-1374710.8935	-1374699.57775	-1374676.516525	546.60944568445
superscaffold54.14.1	-1368660.94067687	13.5184772141999	-1368687.771125	-1368669.78075	-1368660.766	-1368651.64125	-1368634.94295	783.082089851387
superscaffold54.13.1	-1301443.90064292	13.1534503721341	-1301471.356025	-1301452.411	-1301443.381	-1301434.86525	-1301418.9288	938.56502937474
superscaffold54.12.1	-1365765.42559271	13.1433886111913	-1365792.56505	-1365773.78725	-1365764.9675	-1365756.389	-1365740.534525	1161.65382733429
superscaffold54.11.1	-1315889.334005	16.0367967554056	-1315921.982775	-1315900.02	-1315889.3235	-1315878.3985	-1315858.518925	1274.39816979941
superscaffold54.10.1	-1375191.57248667	15.20394967653	-1375221.0141	-1375201.77925	-1375191.7595	-1375181.34375	-1375162.1638	574.574070951041
superscaffold54.9.1	-1362743.57129604	10.8254795035926	-1362766.589175	-1362750.3755	-1362743.083	-1362736.403	-1362723.21175	2220.53170463327
superscaffold54.8.1	-1277062.98599792	12.651392970128	-1277088.499375	-1277071.5	-1277062.749	-1277054.28625	-1277038.74465	783.481303577542
superscaffold54.7.1	-1315629.20073563	13.2823404338786	-1315654.818975	-1315638.23	-1315629.0635	-1315620.108	-1315603.7053	1176.89243531836
superscaffold54.6.1	-1250780.78772667	12.8008867904076	-1250806.092475	-1250789.3705	-1250780.7245	-1250772.494	-1250755.63005	1509.20369043066
superscaffold54.5.1	-1259142.09394521	16.2273519707632	-1259171.583525	-1259153.64025	-1259143.0905	-1259131.19225	-1259108.87765	363.759297199342
superscaffold54.4.1	-1301963.39550771	17.856485183952	-1301996.216425	-1301975.741	-1301964.011	-1301951.32025	-1301927.51635	539.319995264087
superscaffold54.3.1	-1362250.58338042	14.9411633786261	-1362280.804675	-1362260.45575	-1362250.0275	-1362240.4815	-1362221.7139	739.488466393081
superscaffold54.2.1	-1313111.85734729	15.6731867702556	-1313142.125575	-1313122.4555	-1313112.103	-1313101.12125	-1313080.786175	799.925662510318
superscaffold54.1.1	-1354322.32923562	11.7805080388134	-1354346.8762	-1354329.725	-1354322.075	-1354314.34275	-1354299.7419	1189.92318314403
superscaffold26.174.1	-926061.825303125	21.0864356073524	-926102.722075	-926076.71025	-926061.6935	-926046.824	-926022.2784	188.173883141658
superscaffold26.173.1	-1300701.61536708	14.3622052852984	-1300731.5612	-1300711.013	-1300701.4345	-1300691.79025	-1300674.555225	482.648040539128
superscaffold26.172.1	-1326249.23504792	12.5696606006666	-1326274.0638	-1326257.57875	-1326249.5695	-1326240.718	-1326224.232275	1102.79211511047
superscaffold26.171.1	-1368954.01987917	14.3323728942465	-1368982.760875	-1368963.88575	-1368954.0645	-1368944.05875	-1368926.477025	1555.00286108781
superscaffold26.170.1	-1404213.29946687	16.7376244626785	-1404246.989225	-1404224.239	-1404213.012	-1404201.913	-1404181.53985	378.828739257513
superscaffold26.169.1	-1198262.80681667	18.229257130871	-1198297.8797	-1198275.39575	-1198262.8825	-1198250.71625	-1198227.155925	211.639641360646
superscaffold26.168.1	-1348332.25658854	19.6455171871555	-1348372.46225	-1348344.66475	-1348332.1385	-1348319.11575	-1348294.7025	148.719508661478
superscaffold26.167.1	-1357637.66551646	14.3517681041576	-1357666.394125	-1357647.21575	-1357637.519	-1357628.00675	-1357609.9912	987.639232955059
superscaffold26.166.1	-1387198.34233583	14.0713972226057	-1387225.525825	-1387207.95725	-1387198.352	-1387188.7715	-1387170.633025	407.693593762887
superscaffold26.165.1	-1272761.26467167	18.0123732589858	-1272796.715925	-1272773.273	-1272760.934	-1272748.73225	-1272727.515675	267.637403602332
superscaffold26.164.1	-1296289.89536583	16.7655136314673	-1296321.43005	-1296301.361	-1296290.2165	-1296278.1655	-1296256.732225	209.239260164288
superscaffold26.163.1	-1312997.89804229	19.3922395727324	-1313034.5197	-1313011.10075	-1312998.693	-1312985.189	-1312959.3595	209.913406356641
superscaffold26.162.1	-1339194.70299771	16.3336841932947	-1339228.02835	-1339205.3315	-1339194.514	-1339183.5605	-1339163.84425	433.563558087411
superscaffold26.161.1	-1223465.61140021	16.7656636279154	-1223498.31225	-1223477.216	-1223465.694	-1223453.721	-1223433.67365	517.418217995729
superscaffold26.160.1	-1173211.74930042	14.8650084984868	-1173242.3593	-1173221.4155	-1173211.2585	-1173201.937	-1173183.30815	657.221973043466
superscaffold26.159.1	-1300627.28820375	12.4596438703131	-1300649.9365	-1300635.38025	-1300627.773	-1300620.078	-1300600.8169	311.711215345347
superscaffold26.158.1	-1325629.07998875	11.900493510802	-1325652.556	-1325636.9325	-1325629.2025	-1325621.375	-1325604.7589	593.243191985075
superscaffold26.157.1	-1335296.48940521	23.248294289306	-1335334.930475	-1335313.71875	-1335300.5525	-1335279.85	-1335248.036975	41.4577122140149
superscaffold26.156.1	-1342297.10012354	14.5979311745722	-1342326.137275	-1342306.79975	-1342296.849	-1342287.34875	-1342268.14155	421.771823399541
superscaffold26.155.1	-1333714.74470167	12.2630231640175	-1333737.58865	-1333723.0855	-1333715.2915	-1333706.73175	-1333689.1764	966.983070107176
superscaffold26.154.1	-1261876.42197688	15.8385091399216	-1261908.088675	-1261886.79825	-1261876.727	-1261866.2345	-1261845.127525	363.245616261642
superscaffold26.153.1	-1208789.27054917	15.8519529765101	-1208819.852525	-1208800.047	-1208789.533	-1208778.701	-1208757.3136	390.795724126748
superscaffold26.152.1	-1330387.61377958	17.3313119671295	-1330421.74005	-1330398.95625	-1330388.53	-1330377.1105	-1330351.253625	129.454924338217
superscaffold26.151.1	-1246841.27952583	15.2825430007538	-1246872.67395	-1246851.323	-1246840.8555	-1246830.855	-1246812.243575	627.236856197628
superscaffold26.150.1	-1366844.63136396	18.0879225871768	-1366878.4026	-1366857.5615	-1366844.474	-1366831.62725	-1366809.88085	207.102172191225
superscaffold26.149.1	-1276079.07546063	15.8136088801327	-1276111.24305	-1276089.8085	-1276078.5315	-1276068.635	-1276049.369525	707.303611670426
superscaffold26.148.1	-1338274.11896604	17.9690033283246	-1338309.399625	-1338286.2135	-1338274.0845	-1338261.81125	-1338239.418325	130.116105346322
superscaffold26.147.1	-1331651.11707583	20.939536579312	-1331688.86485	-1331665.6795	-1331652.595	-1331637.575	-1331607.476525	149.752905792443
superscaffold26.146.1	-1352045.53208021	14.5901022833471	-1352074.257575	-1352055.259	-1352045.574	-1352035.58575	-1352016.47155	813.236591555335
superscaffold26.145.1	-1295988.10764833	13.0850804988451	-1296015.184175	-1295996.61075	-1295987.8195	-1295979.15	-1295963.8798	872.761277365991
superscaffold26.144.1	-1244749.700535	16.0292546021398	-1244783.016375	-1244759.80575	-1244749.3735	-1244738.29975	-1244720.0507	287.433074476971
superscaffold26.143.1	-1248638.07879708	16.0008848713059	-1248671.25555	-1248648.68675	-1248637.1895	-1248626.68075	-1248608.918675	430.096071374422
superscaffold26.142.1	-1372085.99094333	14.8103084395951	-1372116.129275	-1372095.57775	-1372085.492	-1372076.07475	-1372057.44595	205.269847744897
superscaffold26.141.1	-1276741.76302708	14.6483930172559	-1276770.038775	-1276751.82975	-1276741.576	-1276731.832	-1276712.246725	185.833465189329
superscaffold26.140.1	-1306180.70864312	17.5519602146574	-1306216.571825	-1306192.5275	-1306179.9505	-1306167.99525	-1306149.155375	150.453255433899
superscaffold26.139.1	-1241498.69901208	16.2983509451922	-1241531.70725	-1241509.527	-1241498.207	-1241487.7455	-1241467.3112	702.072254200205
superscaffold26.138.1	-1348817.07404146	12.8845483474773	-1348842.41555	-1348825.7075	-1348817.146	-1348808.24025	-1348792.498825	565.977462227992
superscaffold26.137.1	-1291071.30089937	14.987063208396	-1291101.4917	-1291081.4835	-1291071.0725	-1291061.15925	-1291042.97775	1020.85507588767
superscaffold26.136.1	-1225531.56390604	14.950897822679	-1225559.198575	-1225541.77375	-1225531.9945	-1225521.811	-1225500.1117	673.122511816262
superscaffold26.135.1	-1246730.71451938	16.7528725327931	-1246763.7453	-1246742.12025	-1246731.028	-1246719.88575	-1246697.19325	377.17620156064
superscaffold26.134.1	-1346410.83089375	13.7754232912483	-1346440.00655	-1346419.83125	-1346410.302	-1346401.457	-1346384.657975	1187.81634398318
superscaffold26.133.1	-1391879.14472771	15.2892030187707	-1391907.7523	-1391889.83675	-1391879.6715	-1391868.9305	-1391848.7093	658.048717435406
superscaffold26.132.1	-1362526.95617167	15.7733968764354	-1362558.942625	-1362537.15425	-1362526.837	-1362516.47475	-1362496.216025	718.117413479453
superscaffold26.131.1	-1273765.86384417	16.0315067947841	-1273797.43175	-1273776.77825	-1273765.434	-1273754.3185	-1273736.551	253.773801183614
superscaffold26.130.1	-1291238.17265	11.2501081416203	-1291260.1711	-1291245.69225	-1291238.109	-1291230.6875	-1291216.17765	936.556492645589
superscaffold26.129.1	-1265718.53601083	15.0641504602438	-1265748.5801	-1265728.36375	-1265718.97	-1265708.59175	-1265688.389075	809.963271910779
superscaffold26.128.1	-1256775.45583917	11.8319781027538	-1256799.31295	-1256783.486	-1256775.3615	-1256767.30275	-1256752.635975	980.93888913281
superscaffold26.127.1	-1247546.00097667	12.410371280025	-1247571.84315	-1247553.78225	-1247545.561	-1247537.76275	-1247522.429175	820.994698920273
superscaffold26.126.1	-1315572.29578604	17.7296996867777	-1315609.440125	-1315583.843	-1315571.262	-1315559.98975	-1315540.17565	212.493408360151
superscaffold26.125.1	-1359135.13630667	17.5294808660409	-1359167.8352	-1359147.866	-1359135.088	-1359122.76775	-1359101.62835	229.539162614591
superscaffold26.124.1	-1299665.88677229	17.7216568706567	-1299701.9648	-1299677.43875	-1299665.353	-1299653.405	-1299633.484075	311.621018093233
superscaffold26.123.1	-1286067.64156792	13.4128731875935	-1286094.8958	-1286076.41725	-1286067.1595	-1286058.4195	-1286042.5072	731.683052954773
superscaffold26.122.1	-1293944.98574833	14.5392718183	-1293973.6907	-1293954.5225	-1293944.9955	-1293935.421	-1293916.28195	304.867549570204
superscaffold26.121.1	-1301664.83021208	18.2690210261746	-1301701.14715	-1301677.85625	-1301664.0075	-1301651.8575	-1301630.752225	197.794564794369
superscaffold26.120.1	-1377595.87783479	19.0283988362461	-1377633.8588	-1377608.43125	-1377595.8725	-1377583.2095	-1377558.129725	675.658760534821
superscaffold26.119.1	-1387623.28009458	13.0511351184731	-1387648.576525	-1387631.9705	-1387623.2815	-1387614.65775	-1387597.4714	1320.56429844467
superscaffold26.118.1	-1407998.52735375	16.9230612687596	-1408031.04945	-1408009.6585	-1407998.8815	-1407987.821	-1407964.470625	808.852252419181
superscaffold26.117.1	-1358258.97024021	18.8677497435015	-1358297.098125	-1358271.2865	-1358258.728	-1358246.8155	-1358221.509225	461.866098555116
superscaffold26.116.1	-1344096.84138375	16.3139585732413	-1344126.0396	-1344108.38225	-1344097.4245	-1344086.23675	-1344063.120575	577.480749971869
superscaffold26.115.1	-1380765.93702229	16.8916796001515	-1380799.89675	-1380777.29875	-1380765.4465	-1380754.391	-1380733.4475	578.129595142837
superscaffold26.114.1	-1397086.47121708	13.3338813718274	-1397112.806	-1397095.53225	-1397086.4975	-1397077.35075	-1397060.872625	1039.95876200385
superscaffold26.113.1	-1401924.02147104	16.3538171208115	-1401955.703275	-1401934.914	-1401924.178	-1401912.94475	-1401892.031975	447.745235514932
superscaffold26.112.1	-1310277.69457104	18.6405146877789	-1310315.722325	-1310289.95475	-1310276.6835	-1310264.4235	-1310243.976	157.589398964234
superscaffold26.111.1	-1228786.81894938	14.7476636612119	-1228816.013025	-1228796.6655	-1228786.8945	-1228776.89375	-1228757.726725	895.201689870615
superscaffold26.110.1	-1228730.04528542	14.7259341281744	-1228759.39305	-1228739.45925	-1228730.011	-1228720.62975	-1228701.289925	448.99694187667
superscaffold26.109.1	-1325616.36318271	12.7402258331384	-1325642.140775	-1325624.66375	-1325616.1575	-1325607.60725	-1325592.457525	783.739946990269
superscaffold26.108.1	-1247406.43307417	11.5901392572307	-1247428.0852	-1247414.13	-1247406.852	-1247398.8435	-1247383.059675	777.788117547267
superscaffold26.107.1	-1201594.90558958	12.9190636983221	-1201621.03985	-1201603.24575	-1201594.579	-1201586.2315	-1201569.74755	1051.01478832376
superscaffold26.106.1	-1308029.53004938	16.4589544340636	-1308062.763225	-1308040.589	-1308029.0105	-1308018.3745	-1307998.3715	569.880194568318
superscaffold26.105.1	-1362259.26177	16.7932421328072	-1362293.880325	-1362270.5015	-1362258.6275	-1362247.31675	-1362228.34365	247.455613772813
superscaffold26.104.1	-1371559.85942542	15.4189755166665	-1371588.91655	-1371571.001	-1371560.0905	-1371549.3825	-1371528.988925	474.051128702483
superscaffold26.103.1	-1287795.12377813	14.7533700834158	-1287823.026725	-1287805.42425	-1287795.4535	-1287785.6085	-1287765.082375	1285.37680025838
superscaffold26.102.1	-1224949.64104687	12.2974316350448	-1224974.133225	-1224957.939	-1224949.302	-1224941.3815	-1224926.25415	2154.07036699529
superscaffold26.101.1	-1261527.79413688	16.2860320850818	-1261561.15935	-1261538.66375	-1261527.4615	-1261516.34275	-1261497.700375	915.701428490424
superscaffold26.100.1	-1253440.21508	12.4314953356515	-1253465.612525	-1253448.50825	-1253439.851	-1253431.71875	-1253416.401775	1740.28172069845
superscaffold26.99.1	-1254095.57510896	12.4139688219564	-1254119.263675	-1254104.12025	-1254095.4735	-1254087.21375	-1254070.996575	980.48964760142
superscaffold26.98.1	-1343413.15665583	12.1861950215408	-1343437.27425	-1343421.358	-1343413.1095	-1343404.9045	-1343389.2643	1571.99562555516
superscaffold26.97.1	-1357988.6557825	13.838903067192	-1358017.332075	-1357997.7245	-1357987.76	-1357979.25625	-1357963.37785	808.595117821912
superscaffold26.96.1	-1300365.68907771	12.9024443797067	-1300391.84195	-1300374.2815	-1300365.442	-1300356.74075	-1300341.22415	1686.70864601574
superscaffold26.95.1	-1360523.46075708	11.7118324778893	-1360547.324025	-1360531.18025	-1360523.2265	-1360515.3955	-1360501.404375	2151.49875723757
superscaffold26.94.1	-1319234.97064187	17.2816180491834	-1319268.57975	-1319247.08	-1319234.8555	-1319223.2895	-1319200.1262	319.913852722157
superscaffold26.93.1	-1339594.81430708	15.1565969247675	-1339625.6111	-1339604.62375	-1339594.762	-1339584.5495	-1339565.8524	724.684455527642
superscaffold26.92.1	-1197828.87013479	11.1019608496134	-1197851.6082	-1197836.35325	-1197828.705	-1197821.23075	-1197807.7297	2349.33222826804
superscaffold26.91.1	-1142452.97649271	11.7435178706692	-1142475.762325	-1142461.006	-1142452.983	-1142444.9385	-1142429.668875	1121.59082543752
superscaffold26.90.1	-1293634.08813375	16.2558207431878	-1293665.121575	-1293645.169	-1293634.395	-1293622.68575	-1293602.611625	737.038571750219
superscaffold26.89.1	-1301931.76714479	10.8300982982564	-1301953.831225	-1301938.77225	-1301931.3865	-1301924.501	-1301911.047875	1851.28489066334
superscaffold26.88.1	-1315665.14789979	19.8650600671968	-1315706.919025	-1315678.115	-1315662.355	-1315650.81075	-1315632.14085	35.5167711756099
superscaffold26.87.1	-1340922.8899425	16.9879672131373	-1340956.285275	-1340934.146	-1340922.595	-1340911.16425	-1340891.517175	304.664415604337
superscaffold26.86.1	-1286442.87758479	11.8659330620004	-1286465.55865	-1286450.8125	-1286443.351	-1286435.27725	-1286418.13585	711.110020965442
superscaffold26.85.1	-1223759.26650896	12.0627935650309	-1223783.025075	-1223767.2875	-1223759.2945	-1223751.20325	-1223736.037625	2136.69086303284
superscaffold26.84.1	-1234797.94390271	15.4262900493517	-1234825.39565	-1234808.78125	-1234799.4155	-1234787.6925	-1234765.873225	133.458879363301
superscaffold26.83.1	-1241048.89087292	15.555602415133	-1241079.4882	-1241060.01425	-1241047.9695	-1241037.784	-1241020.675375	322.936592620872
superscaffold26.82.1	-1253507.15544479	10.0759068596869	-1253527.5913	-1253513.8875	-1253506.911	-1253500.243	-1253487.397625	2377.79745314392
superscaffold26.81.1	-1258230.59189479	15.5730086454099	-1258260.9631	-1258241.2015	-1258230.3335	-1258219.839	-1258200.65575	460.395066968263
superscaffold26.80.1	-1279389.07293729	14.7807245404579	-1279419.153125	-1279398.831	-1279388.785	-1279378.7525	-1279361.404925	785.490264454806
superscaffold26.79.1	-1309412.16940708	11.8443435668948	-1309435.60975	-1309420.2035	-1309412.049	-1309404.11875	-1309389.287975	2130.72758735577
superscaffold26.78.1	-1295428.98340042	12.06753236521	-1295452.422975	-1295437.15325	-1295428.82	-1295420.92375	-1295405.165725	1529.22001310792
superscaffold26.77.1	-1320575.49401313	11.2734713305185	-1320597.149325	-1320583.27475	-1320575.459	-1320567.9095	-1320553.10385	1910.06557630154
superscaffold26.76.1	-1240358.85233021	14.5035069920504	-1240387.591875	-1240368.62775	-1240358.749	-1240349.07075	-1240331.067925	1339.16417003436
superscaffold26.75.1	-1324925.96262958	16.7795483787375	-1324958.044475	-1324937.6745	-1324926.012	-1324914.46025	-1324893.974825	1369.10109499286
superscaffold26.74.1	-1324863.52153229	11.8058767035721	-1324886.8727	-1324871.69675	-1324863.5065	-1324855.2645	-1324841.45265	1242.30045041771
superscaffold26.73.1	-1320927.15756875	13.3512349808526	-1320953.036725	-1320936.20725	-1320927.299	-1320918.2765	-1320900.715525	1859.03813404383
superscaffold26.72.1	-1281050.026	14.793689646541	-1281079.619325	-1281059.64	-1281049.908	-1281039.948	-1281022.238825	464.361815446952
superscaffold26.71.1	-1288574.97333729	14.166028800039	-1288602.193225	-1288584.5915	-1288575.0135	-1288565.38475	-1288547.1062	919.691157522636
superscaffold26.70.1	-1263392.21380625	9.6766507482312	-1263411.120525	-1263398.66925	-1263392.224	-1263385.687	-1263373.460675	3974.50843254962
superscaffold26.69.1	-1233580.31555438	10.9431200563057	-1233602.008775	-1233587.5865	-1233580.2075	-1233572.72475	-1233559.0221	2631.22431436198
superscaffold26.68.1	-1296766.52190604	13.8669291873828	-1296794.533025	-1296775.74825	-1296766.346	-1296757.2225	-1296739.558775	1639.31828811184
superscaffold26.67.1	-1300620.09862937	13.7745028911767	-1300645.834225	-1300629.5925	-1300621.0615	-1300610.8145	-1300591.8629	726.334522603708
superscaffold26.66.1	-1273899.4552	15.6237211554839	-1273931.216825	-1273909.56675	-1273899.44	-1273888.8725	-1273869.47335	577.319832221633
superscaffold26.65.1	-1314425.61667438	13.7510429759516	-1314455.371475	-1314434.09775	-1314425.126	-1314416.30925	-1314400.7389	553.899706142649
superscaffold26.64.1	-1281786.1365925	13.165493087591	-1281812.901725	-1281794.994	-1281786.247	-1281777.23625	-1281759.9932	1517.73170030702
superscaffold26.63.1	-1308331.85373542	13.3050019935165	-1308358.00095	-1308340.29225	-1308331.995	-1308323.17425	-1308305.8073	1056.96050274522
superscaffold26.62.1	-1336655.52691333	12.2330569542326	-1336680.55045	-1336663.72675	-1336655.294	-1336647.098	-1336632.161775	2582.11914913649
superscaffold26.61.1	-1380480.17731021	12.2084201817019	-1380505.714425	-1380487.93025	-1380479.693	-1380471.74275	-1380457.679325	2143.9619945175
superscaffold26.60.1	-1302943.87727917	13.7980501807215	-1302970.3815	-1302953.49825	-1302943.915	-1302934.4015	-1302917.074825	802.147439979841
superscaffold26.59.1	-1303343.86258604	14.2423256628987	-1303371.986025	-1303353.3485	-1303343.8795	-1303334.29325	-1303315.44755	790.659800179281
superscaffold26.58.1	-1245031.98652104	12.8243495990751	-1245057.2622	-1245040.7475	-1245031.926	-1245023.22525	-1245007.346525	1852.11580459378
superscaffold26.57.1	-1321707.83690104	11.9858051307459	-1321732.1878	-1321715.69825	-1321707.575	-1321699.574	-1321684.95625	1704.83808251211
superscaffold26.56.1	-1266543.79009604	10.1195733444885	-1266564.80935	-1266550.378	-1266543.6755	-1266536.884	-1266524.5703	2064.21275760047
superscaffold26.55.1	-1240790.74713167	11.0324002489818	-1240814.414375	-1240797.67425	-1240789.7915	-1240783.117	-1240771.4893	1392.93843277407
superscaffold26.54.1	-1265510.63130896	11.5526873882825	-1265533.713325	-1265518.349	-1265510.4665	-1265502.904	-1265488.25185	2160.09436513525
superscaffold26.53.1	-1278204.84043708	12.8429175288325	-1278229.76695	-1278213.22575	-1278204.9185	-1278196.356	-1278179.746225	2200.19361281953
superscaffold26.52.1	-1304773.91859812	10.8027187447767	-1304795.479025	-1304780.91225	-1304773.947	-1304766.56575	-1304752.832975	2429.1063746879
superscaffold26.51.1	-1288793.19550958	11.3334843461113	-1288815.83595	-1288800.79425	-1288792.993	-1288785.5895	-1288771.712775	2304.65614552851
superscaffold26.50.1	-1345914.1901625	15.5039429964594	-1345945.564875	-1345924.5605	-1345913.878	-1345903.849	-1345884.121475	955.803321070732
superscaffold26.49.1	-1256821.66293542	11.8892809530755	-1256846.321075	-1256829.54425	-1256821.063	-1256813.3885	-1256800.0258	1915.41055523639
superscaffold26.48.1	-1293109.62327708	13.7390237244018	-1293136.5459	-1293118.868	-1293109.405	-1293100.36	-1293082.92585	1558.96737487304
superscaffold26.47.1	-1333335.64416938	13.857419269835	-1333360.960575	-1333344.8355	-1333336.8435	-1333327.62525	-1333304.5215	165.815229867548
superscaffold26.46.1	-1298759.687635	11.8393411112988	-1298784.66545	-1298767.25475	-1298759.1725	-1298751.6435	-1298738.04055	1372.3636748487
superscaffold26.45.1	-1335358.39264313	13.1244942309256	-1335385.87825	-1335366.80625	-1335358.04	-1335349.48225	-1335334.033725	474.494914001302
superscaffold26.44.1	-1267938.60156354	13.812672371899	-1267965.050175	-1267947.86725	-1267939.1215	-1267929.8365	-1267910.635075	742.123115028576
superscaffold26.43.1	-1243640.14341708	18.4385067066786	-1243676.5979	-1243652.86925	-1243640.145	-1243627.351	-1243604.6582	362.38631183027
superscaffold26.42.1	-1263523.13371104	15.3796293531743	-1263553.960325	-1263533.29525	-1263522.888	-1263513.35625	-1263492.9149	784.063597677685
superscaffold26.41.1	-1247562.21997542	18.4371355817518	-1247599.18655	-1247574.585	-1247562.271	-1247549.109	-1247527.430825	369.133939400514
superscaffold26.40.1	-1322190.31996958	14.1569298810043	-1322218.04615	-1322199.59225	-1322190.161	-1322181.1035	-1322163.3555	1315.561316117
superscaffold26.39.1	-1266331.44050104	15.9069705986447	-1266363.3644	-1266342.22175	-1266330.9495	-1266320.40925	-1266301.349975	1018.43188013855
superscaffold26.38.1	-1326962.12170562	14.0904739269158	-1326991.46905	-1326971.0975	-1326961.674	-1326952.9125	-1326934.55975	1289.43231594687
superscaffold26.37.1	-1331748.76799083	10.6833808537668	-1331769.4011	-1331756.00675	-1331748.718	-1331741.52125	-1331727.824675	2951.58294780278
superscaffold26.36.1	-1327513.65570729	14.5269853398978	-1327542.289675	-1327523.6205	-1327513.435	-1327503.46275	-1327486.4624	966.50576692293
superscaffold26.35.1	-1375286.77098542	12.6285344830848	-1375311.529075	-1375295.11425	-1375287.0235	-1375278.5225	-1375261.658975	2026.70568536179
superscaffold26.34.1	-1339121.53488667	13.8021004528525	-1339148.5475	-1339130.743	-1339121.671	-1339112.0425	-1339095.3255	1144.42182952541
superscaffold26.33.1	-1317075.37946875	15.2610750172347	-1317107.438375	-1317085.07325	-1317074.79	-1317064.81625	-1317047.86155	875.301975406901
superscaffold26.32.1	-1386918.72608167	11.9038983498401	-1386942.774625	-1386926.66975	-1386918.406	-1386910.3865	-1386896.33815	1628.58140002645
superscaffold26.31.1	-1308487.20660312	13.8892261110085	-1308515.0768	-1308496.48825	-1308487.1655	-1308477.56325	-1308460.412925	1940.31842494221
superscaffold26.30.1	-1307810.33685958	12.9870529160199	-1307835.53145	-1307819.319	-1307810.2975	-1307801.24	-1307784.7947	2424.14525607123
superscaffold26.29.1	-1282175.33996729	11.0030491051666	-1282198.47565	-1282182.32375	-1282174.8645	-1282167.75275	-1282155.1543	1912.28321356533
superscaffold26.28.1	-1298052.098215	10.7336871806581	-1298074.78965	-1298059.12075	-1298051.3035	-1298044.54775	-1298032.824575	2286.72275104627
superscaffold26.27.1	-1253875.14096542	14.288201414293	-1253903.4116	-1253884.7905	-1253875.169	-1253865.06375	-1253847.472775	779.982362695512
superscaffold26.26.1	-1279552.01850833	10.3878387552631	-1279571.72645	-1279559.098	-1279552.178	-1279544.98225	-1279531.7077	2728.07940386531
superscaffold26.25.1	-1340273.27548604	14.3233373221031	-1340301.82305	-1340282.964	-1340272.7615	-1340263.56725	-1340246.8924	1140.37647104311
superscaffold26.24.1	-1285548.29819979	14.6525581189411	-1285578.210675	-1285558.1445	-1285547.648	-1285537.97225	-1285521.313075	1331.1765972134
superscaffold26.23.1	-1270103.21917333	14.1816226080724	-1270131.978425	-1270112.58925	-1270102.9425	-1270093.79325	-1270076.125325	1256.87615096345
superscaffold26.22.1	-1320871.48968938	14.2500112767151	-1320901.000125	-1320880.8215	-1320871.0685	-1320861.68025	-1320845.094925	1817.34899886477
superscaffold26.21.1	-1289518.91275167	14.7783928459684	-1289548.238375	-1289528.57	-1289519.073	-1289509.165	-1289489.84305	847.118400504858
superscaffold26.20.1	-1311077.47387	14.3720219702087	-1311104.30885	-1311088.161	-1311077.146	-1311066.62975	-1311050.99945	679.217159998653
superscaffold26.19.1	-1283762.987315	12.7012799254266	-1283788.1575	-1283771.502	-1283763.075	-1283754.15425	-1283738.105925	1340.59878410656
superscaffold26.18.1	-1376754.45852063	13.1006267813482	-1376780.465525	-1376763.03125	-1376754.2955	-1376745.58	-1376728.689875	1234.83007867068
superscaffold26.17.1	-1336778.41086938	11.2081744908633	-1336800.587175	-1336785.85275	-1336778.317	-1336770.86425	-1336755.969625	907.754484692741
superscaffold26.16.1	-1300770.63612396	13.4877231940486	-1300798.628575	-1300779.529	-1300769.946	-1300760.969	-1300745.840875	904.79258650538
superscaffold26.15.1	-1340601.84610771	14.8936530086565	-1340629.231925	-1340612.318	-1340602.1315	-1340592.106	-1340571.49845	1029.92887256742
superscaffold26.14.1	-1210912.7553075	9.95551996013525	-1210931.9441	-1210919.416	-1210913.0415	-1210906.32725	-1210892.483425	2051.95966390926
superscaffold26.13.1	-1288206.86196812	9.81823719972055	-1288226.77845	-1288213.52625	-1288206.717	-1288200.077	-1288187.610075	2582.86644457617
superscaffold26.12.1	-1283045.43819063	11.8509804907773	-1283069.843625	-1283053.02025	-1283045.2195	-1283037.327	-1283022.565375	1694.40899856495
superscaffold26.11.1	-1308464.66204167	9.62493679163035	-1308484.444375	-1308470.9385	-1308464.437	-1308458.276	-1308446.0936	3154.47081291618
superscaffold26.10.1	-1314016.63382125	14.7826149744102	-1314047.839725	-1314026.1335	-1314015.541	-1314006.35775	-1313990.461925	840.237174554708
superscaffold26.9.1	-1327646.91350667	11.392178962809	-1327670.123975	-1327654.4105	-1327646.655	-1327639.1985	-1327625.183675	1873.38071561833
superscaffold26.8.1	-1351324.40579792	13.1907059996386	-1351351.814825	-1351332.86925	-1351323.3645	-1351315.07075	-1351301.0795	838.122829372299
superscaffold26.7.1	-1250726.91452854	15.4855931473636	-1250757.41405	-1250737.491	-1250726.6935	-1250716.1765	-1250697.488725	203.575467216692
superscaffold26.6.1	-1329516.66958562	14.6920017427569	-1329544.898175	-1329526.2765	-1329516.646	-1329506.76125	-1329488.155975	1286.41035200818
superscaffold26.5.1	-1298758.4804025	10.5143448994996	-1298778.320075	-1298765.7735	-1298758.502	-1298751.24475	-1298737.5926	2111.80344740483
superscaffold26.4.1	-1299875.7853325	12.727082573592	-1299899.640975	-1299884.59775	-1299875.8125	-1299867.17375	-1299850.730325	1648.70633804733
superscaffold26.3.1	-1252468.84375479	12.790316333202	-1252495.13785	-1252477.282	-1252468.213	-1252460.22675	-1252444.9517	847.472725535696
superscaffold26.2.1	-1345939.66798708	14.6603429247474	-1345968.599475	-1345949.681	-1345939.64	-1345929.768	-1345911.144725	1550.15849818273
superscaffold26.1.1	-1295831.3978325	14.0662550799288	-1295859.70875	-1295840.6385	-1295831.142	-1295821.88775	-1295804.3866	1730.02962782435
