Scaffold	Locus_start	Locus_end	Mean_rho	Median	L95	U95
superscaffold8	58	264131	  63.01322	  62.97835	  60.15349	  66.04721
superscaffold8	210307	475260	  79.02123	  79.02790	  75.62959	  82.53252
superscaffold8	425582	662646	  45.58211	  45.56612	  43.60693	  47.80009
superscaffold8	606198	862169	  66.66418	  66.61242	  63.58785	  69.89099
superscaffold8	808331	994821	 128.70796	 128.65418	 122.93731	 135.12576
superscaffold8	954786	1150964	 106.63092	 106.52108	 102.08874	 111.96099
superscaffold8	1101200	1319537	 124.98364	 124.96767	 120.09518	 130.17237
superscaffold8	1263922	1480916	 136.49950	 136.44354	 131.18631	 142.25654
superscaffold8	1449811	1669025	 136.76954	 136.70295	 129.97393	 144.19739
superscaffold8	1618990	1870038	 166.00132	 165.98374	 157.65352	 174.82251
superscaffold8	1833185	2092542	 125.90193	 125.85448	 120.08062	 131.90899
superscaffold8	2032817	2344143	 153.57466	 153.56273	 147.39025	 159.98391
superscaffold8	2270972	2557626	  86.04575	  86.03309	  82.44379	  89.82610
superscaffold8	2509832	2751730	  94.03859	  93.98521	  89.97064	  98.44233
superscaffold8	2710629	2908143	 167.26770	 167.21787	 159.24751	 175.96128
superscaffold8	2873698	3102898	 170.15594	 170.03872	 161.82295	 179.29810
superscaffold8	3046231	3269127	 123.56977	 123.41658	 118.03475	 129.94127
superscaffold8	3229609	3392018	 109.51690	 109.49015	 105.43762	 113.83293
superscaffold8	3364099	3523198	 132.32755	 132.21339	 126.44030	 138.45489
superscaffold8	3484274	3679282	  93.90912	  93.88665	  90.26990	  97.58799
superscaffold8	3636250	3850020	 150.02469	 149.96147	 143.39211	 157.15650
superscaffold8	3797037	4012164	  86.27203	  86.16532	  81.45693	  91.66368
superscaffold8	3974761	4186506	  60.44801	  60.44136	  57.79679	  63.23484
superscaffold8	4140901	4352515	  61.44974	  61.40976	  59.04247	  63.98769
superscaffold8	4321543	4522608	  89.63429	  89.60620	  86.10000	  93.35957
superscaffold8	4475963	4715554	 116.11803	 116.07236	 111.52114	 121.08823
superscaffold8	4669763	4907929	  71.74000	  71.63722	  68.51514	  75.69489
superscaffold8	4856406	5055323	 123.61106	 123.54228	 119.45440	 128.00463
superscaffold8	5016215	5229552	  78.32618	  78.29315	  75.26211	  81.63345
superscaffold8	5187759	5383827	 116.07219	 116.07433	 111.57838	 120.61147
superscaffold8	5346737	5544575	  77.72659	  77.67720	  74.40373	  81.30971
superscaffold8	5500994	5771458	  79.64669	  79.55504	  75.93861	  83.85453
superscaffold8	5710093	5942373	 145.03288	 144.99085	 139.27515	 151.21728
superscaffold8	5899012	6095770	 171.52310	 171.45230	 163.03133	 180.40239
superscaffold8	6060553	6217826	 161.51665	 161.32691	 152.98147	 170.65448
superscaffold8	6189980	6350109	 170.04197	 169.95387	 162.38778	 178.61749
superscaffold8	6323377	6492925	 225.09594	 225.03075	 213.37085	 237.25653
superscaffold8	6455398	6655288	 131.60614	 131.47235	 124.66048	 138.83901
superscaffold8	6606011	6827320	 108.10987	 108.09045	 103.48802	 113.00876
superscaffold8	6783282	6980098	 145.89571	 145.84142	 140.39708	 151.62681
superscaffold8	6935986	7117732	 158.01752	 157.93267	 150.00168	 166.46954
superscaffold8	7082925	7251986	 181.62202	 181.61927	 173.11232	 190.31660
superscaffold8	7222806	7362868	 212.31923	 212.14927	 203.35726	 222.04840
superscaffold8	7331988	7485089	 182.19834	 182.11658	 174.01644	 191.02422
superscaffold8	7452574	7616253	 145.35300	 145.29249	 139.45203	 151.53639
superscaffold8	7580478	7737747	 197.44892	 197.29542	 189.49751	 205.70459
superscaffold8	7710249	7880873	 160.53632	 160.53573	 154.56194	 166.80439
superscaffold8	7848144	8030632	 194.43471	 194.40777	 185.84229	 203.31499
superscaffold8	7994455	8253526	 162.58801	 162.59026	 154.39525	 171.06963
superscaffold8	8223537	8439490	 144.72956	 144.56827	 137.52166	 153.17820
superscaffold8	8393363	8622208	 178.06899	 178.03113	 169.86402	 186.60582
superscaffold8	8577406	8920628	 187.25812	 187.08658	 178.54199	 196.67647
superscaffold8	8875338	9091152	 208.91974	 208.85682	 199.31762	 218.66382
superscaffold8	9063528	9209519	 212.57513	 212.40913	 203.88630	 222.04625
superscaffold8	9182844	9339162	 182.01069	 181.90222	 174.20375	 190.67895
superscaffold8	9302778	9455322	 198.99088	 198.81709	 190.00002	 209.26378
superscaffold8	9431280	9570367	 158.12845	 158.09117	 151.48400	 165.09085
superscaffold8	9550334	9693927	 154.46281	 154.45023	 148.07819	 161.17463
superscaffold8	9655429	9853887	 123.37242	 123.34465	 118.18593	 128.76773
superscaffold8	9816212	10001152	 163.51698	 163.45437	 155.63450	 171.69312
superscaffold8	9971856	10174689	 161.32796	 161.32639	 154.45098	 168.51195
superscaffold8	10133577	10334518	 128.20045	 128.16453	 122.85320	 133.93094
superscaffold8	10275543	10564654	  93.48099	  93.48587	  89.89629	  97.31572
superscaffold8	10502179	10725371	 161.31692	 161.06393	 152.83350	 171.56810
superscaffold8	10684385	10872222	 259.08237	 259.04548	 245.38294	 272.99591
superscaffold8	10839652	11033427	 230.76499	 230.82103	 218.33703	 243.52183
superscaffold8	10994527	11163246	 171.79477	 171.68838	 164.10637	 179.88276
superscaffold8	11136357	11307313	 126.56712	 126.56064	 120.78306	 132.55834
superscaffold8	11279365	11419113	 223.70361	 223.56847	 212.41186	 235.38017
superscaffold8	11385037	11562631	 273.85549	 273.77140	 257.58589	 290.61773
superscaffold8	11525363	11742001	 170.57563	 170.39955	 162.45311	 179.16856
superscaffold8	11694532	11897915	 169.44267	 169.28346	 160.28015	 179.46689
superscaffold8	11860010	12049807	 159.60904	 159.49437	 149.49554	 170.01519
superscaffold8	12014736	12205460	 202.72389	 202.16132	 190.97474	 217.64728
superscaffold8	12165725	12380270	 176.21635	 175.93463	 166.48824	 187.15599
superscaffold8	12335953	12569337	 162.21530	 162.13416	 153.31018	 171.74482
superscaffold8	12529146	12767890	 151.69292	 151.60137	 143.84207	 159.99636
superscaffold8	12723410	12918490	 124.45535	 124.39727	 117.51523	 131.79373
superscaffold8	12885688	13064857	  99.27501	  99.22921	  94.82004	 103.93060
superscaffold8	13027308	13218740	 105.76834	 105.74253	 100.71860	 110.94282
superscaffold8	13174383	13428534	 106.27649	 105.57358	  97.26160	 119.17268
superscaffold8	13371418	13550908	 191.58623	 191.57781	 180.85831	 202.25612
superscaffold8	13518055	13674457	 164.91568	 164.74116	 157.37634	 173.07618
superscaffold8	13646623	13841471	 123.66625	 123.56852	 118.73295	 129.12106
superscaffold8	13810830	13991727	 101.81669	 101.77150	  97.41316	 106.47510
superscaffold8	13964090	14163247	 157.73449	 157.47403	 149.71803	 166.86879
superscaffold8	14124808	14285645	 135.18287	 135.08769	 129.58046	 141.10614
superscaffold8	14245854	14428636	 164.23922	 164.12803	 154.45788	 174.37064
superscaffold8	14386905	14556051	 178.97285	 178.63137	 169.85974	 190.02958
superscaffold8	14524259	14714377	 162.71952	 162.31773	 154.19951	 173.92942
superscaffold8	14674327	14900584	  79.08321	  79.09597	  75.33259	  82.76531
superscaffold8	14859445	15057213	 103.53723	 103.27136	  97.38507	 110.83057
superscaffold8	15017123	15162796	 111.05924	 111.01701	 106.04697	 116.35645
superscaffold8	15139425	15253881	 115.69799	 115.64839	 111.04262	 120.63632
superscaffold8	15226116	15355951	 105.18371	 105.12172	 100.91758	 109.92551
superscaffold8	15324396	15534760	  88.65290	  88.63043	  83.46804	  93.54335
superscaffold8	15484823	15703231	 123.76852	 123.68935	 118.66883	 129.20084
superscaffold8	15660009	15837291	 124.55483	 124.55964	 119.53307	 129.95942
superscaffold8	15811007	15991132	  90.69697	  90.65813	  86.55758	  94.98107
superscaffold8	15967752	16136814	  66.06030	  66.03288	  63.14059	  69.14213
superscaffold8	16093248	16268071	  84.57663	  84.35375	  78.98765	  91.41690
superscaffold8	16240666	16400552	 122.53601	 122.46036	 117.53057	 127.88488
superscaffold8	16373223	16504576	 136.79216	 136.70610	 129.30015	 145.08678
superscaffold8	16479203	16638584	 138.04411	 137.95080	 131.11277	 145.30891
superscaffold8	16606614	16833656	 112.06978	 111.94773	 106.20115	 118.58576
superscaffold8	16780262	16981234	 172.59954	 172.42346	 164.93344	 180.86203
superscaffold8	16935144	17156424	 136.90116	 136.80182	 129.65844	 144.50354
superscaffold8	17112891	17300373	 144.96038	 144.71390	 136.75810	 154.24729
superscaffold8	17266982	17491559	 132.99503	 132.93275	 126.51545	 140.07069
superscaffold8	17443239	17661400	 159.82778	 159.75380	 152.31409	 168.00325
superscaffold8	17629325	17807547	 185.19142	 185.04599	 176.71448	 194.37024
superscaffold8	17767269	17969146	 145.84388	 145.70455	 137.49519	 154.85757
superscaffold8	17930971	18112552	 122.19252	 122.09886	 116.83892	 128.08617
superscaffold8	18077153	18296838	 106.06023	 105.17021	 100.39225	 118.56704
superscaffold8	18241439	18430363	 135.81098	 135.63950	 130.27955	 142.72636
superscaffold8	18396424	18576951	 164.41054	 164.25802	 158.09430	 171.47204
superscaffold8	18538463	18726674	 132.75183	 132.69080	 128.18672	 137.64214
superscaffold8	18670086	18886961	 158.54953	 158.35503	 150.71708	 166.93063
superscaffold8	18846217	19025399	 203.53536	 203.41068	 194.25216	 212.83969
superscaffold8	18999271	19218242	 127.94897	 127.89948	 122.48326	 133.95206
superscaffold8	19158853	19447262	 137.13276	 137.02107	 130.42150	 144.64153
superscaffold8	19379830	19648778	 136.17974	 136.02616	 128.65215	 144.46037
superscaffold8	19595048	19809596	 137.76489	 137.62939	 131.31088	 144.71347
superscaffold8	19770294	19982994	 109.11184	 109.04793	 103.99562	 114.45083
superscaffold8	19934469	20151044	 118.41280	 118.39069	 114.04610	 122.83767
superscaffold8	20104050	20368226	 129.30364	 129.27661	 124.61521	 133.92679
superscaffold8	20318622	20518306	  85.56388	  85.51404	  82.33276	  88.94757
superscaffold8	20487900	20648724	  96.49714	  96.46887	  93.32144	  99.81732
superscaffold8	20613579	20789137	 127.78926	 127.70682	 123.03470	 132.93133
superscaffold8	20750054	20952728	 153.49063	 153.40649	 148.06786	 159.24799
superscaffold8	20911801	21107273	 164.39749	 164.32807	 157.32083	 171.55673
superscaffold8	21056468	21269352	 178.84456	 178.90199	 172.28483	 185.78661
superscaffold8	21228672	21417154	 148.00913	 147.96034	 141.24301	 155.26409
superscaffold8	21386816	21514945	 146.92377	 146.82213	 141.25351	 152.83995
superscaffold8	21490363	21641461	 102.02124	 102.00888	  97.89845	 106.08865
superscaffold8	21605836	21774180	  88.66143	  88.62481	  84.82118	  92.74303
superscaffold8	21746296	21889858	 167.80549	 167.73494	 161.18281	 174.72094
superscaffold8	21862889	22021569	 117.50648	 117.46049	 112.59180	 122.50817
superscaffold8	21986068	22151838	 120.84774	 120.76120	 115.99050	 126.19554
superscaffold8	22122510	22337842	 161.09173	 161.06687	 154.74687	 167.60443
superscaffold8	22311527	22493080	 110.90917	 110.86446	 106.93592	 115.11411
superscaffold8	22448682	22633790	 143.02986	 142.98563	 136.42448	 150.00459
superscaffold8	22598173	22757581	 149.71892	 149.69355	 144.04737	 155.74098
superscaffold8	22722736	22908905	 109.79303	 109.73333	 105.27603	 114.68173
superscaffold8	22869890	23125895	 115.28107	 115.21223	 111.01532	 119.96420
superscaffold8	23076723	23327061	  97.88795	  97.71462	  93.00108	 103.94122
superscaffold8	23284547	23515749	  97.05445	  96.98354	  93.19724	 101.15084
superscaffold8	23462460	23685582	  93.52113	  93.49322	  89.96314	  97.15599
superscaffold8	23649996	23911887	 104.03571	 103.98050	 100.12278	 108.27379
superscaffold8	23866043	24085322	 113.97323	 113.98521	 110.13297	 117.83564
superscaffold8	24044299	24285239	 109.86260	 109.83534	 105.01188	 114.98396
superscaffold8	24235635	24479154	 150.75282	 150.57855	 142.62530	 160.14739
superscaffold8	24431821	24701461	 120.39304	 120.38020	 115.83993	 125.05964
superscaffold8	24651862	24975731	  89.41299	  89.34862	  85.10185	  94.15402
superscaffold8	24943901	25122381	 120.46916	 120.42080	 115.80892	 125.52445
superscaffold8	25090478	25263095	 112.81588	 112.80012	 108.79449	 117.04743
superscaffold8	25233437	25408242	  97.20726	  97.19831	  93.83643	 100.52514
superscaffold8	25361908	25551405	 102.91056	 102.88319	  98.97778	 107.04561
superscaffold8	25522188	25689010	 152.45301	 152.33507	 146.72675	 158.69053
superscaffold8	25647842	25835887	 129.15606	 129.15357	 123.53521	 134.94781
superscaffold8	25792194	26010253	  73.35504	  73.30040	  70.18946	  76.78617
superscaffold8	25971842	26202917	 121.42052	 121.43490	 116.26319	 126.72081
superscaffold8	26159727	26355513	 129.37053	 129.10930	 121.88018	 137.89291
superscaffold8	26321233	26572666	 137.78968	 137.61146	 131.62164	 144.65061
superscaffold8	26518400	26757733	  57.59148	  57.56802	  55.02914	  60.33783
superscaffold8	26713329	26900089	 117.55348	 117.56492	 113.16844	 122.17964
superscaffold8	26864056	27025413	 118.61043	 118.62558	 114.28930	 123.11209
superscaffold8	26987117	27170275	 125.20816	 125.10630	 119.29747	 131.43538
superscaffold8	27130948	27295684	 140.23623	 140.09491	 133.72387	 147.35540
superscaffold8	27269299	27420990	  86.61296	  86.58618	  83.29953	  90.18577
superscaffold8	27387564	27570152	  93.38549	  93.36147	  89.88324	  97.00364
superscaffold8	27536401	27748075	 112.50422	 112.48256	 107.73683	 117.22420
superscaffold8	27704253	28010649	  80.52103	  80.45901	  76.52622	  84.96499
superscaffold8	27927390	28192042	 102.67893	 102.67915	  98.64750	 106.90709
superscaffold8	28153985	28360389	 131.55467	 131.50837	 125.84735	 137.80238
superscaffold8	28315304	28539563	  79.26492	  79.19164	  75.17713	  83.85890
superscaffold8	28486002	28765834	  93.33645	  93.29175	  89.50802	  97.41075
superscaffold8	28731350	28913064	  84.37651	  84.36671	  81.17013	  87.76750
superscaffold8	28870555	29123483	  78.50347	  78.47257	  75.03113	  82.05401
superscaffold8	29065315	29308817	  78.72512	  78.69319	  75.79046	  81.86933
superscaffold8	29265421	29475019	  82.51741	  82.50896	  78.71323	  86.37266
superscaffold8	29436840	29648670	  91.82411	  91.80803	  88.38639	  95.47185
superscaffold8	29596835	29865524	  68.95217	  68.81477	  65.64879	  73.19193
superscaffold8	29803678	30074597	  82.01284	  82.01226	  78.41795	  85.74691
superscaffold8	30025289	30273227	 100.99820	 100.91434	  96.25015	 106.21495
superscaffold8	30229392	30466017	 127.65487	 127.65713	 122.55632	 133.09478
superscaffold8	30409782	30675561	  96.44733	  96.38108	  92.31770	 100.88817
superscaffold8	30629510	30857200	  84.80058	  84.77729	  81.57930	  88.20468
superscaffold8	30816778	31011904	  99.81332	  99.81451	  94.55354	 105.03992
superscaffold8	30977219	31159546	 119.68546	 119.65087	 114.03100	 125.73227
superscaffold8	31122330	31314896	 103.13415	 103.08837	  98.96424	 107.73566
superscaffold8	31285932	31449586	 134.86859	 134.88973	 129.18501	 140.54328
superscaffold8	31422277	31594390	 172.61977	 172.42862	 163.83212	 182.41356
superscaffold8	31552723	31731348	 148.83568	 148.54046	 142.10176	 156.94177
superscaffold8	31705997	31848049	 128.65644	 128.60916	 123.64678	 133.73189
superscaffold8	31815110	31993167	 160.04334	 159.93750	 154.25970	 166.25464
superscaffold8	31963776	32170367	  94.37487	  94.30840	  89.89272	  99.13765
superscaffold8	32137886	32365626	  67.94225	  67.83799	  64.08833	  72.33133
superscaffold8	32337837	32532271	  82.03191	  81.96357	  77.54312	  86.98634
superscaffold8	32498917	32666952	  86.69087	  86.66807	  83.42015	  90.13751
superscaffold8	32630880	32809015	 111.99861	 111.95455	 107.34687	 116.85558
superscaffold8	32771528	32945832	 116.60137	 116.52317	 111.70373	 121.74475
superscaffold8	32910238	33122492	  90.03145	  89.98052	  85.96552	  94.29187
superscaffold8	33072514	33220041	 117.53489	 117.50602	 112.87910	 122.57410
superscaffold8	33194261	33335915	  90.12008	  90.09353	  86.73161	  93.67090
superscaffold8	33299641	33544819	  88.03370	  87.99919	  84.41408	  91.81040
superscaffold8	33484601	33699328	  79.95537	  79.92059	  77.13653	  82.91779
superscaffold8	33672339	33829215	 115.93202	 115.90954	 111.62888	 120.33095
superscaffold8	33793226	33984120	 124.29269	 124.23068	 117.98187	 131.17011
superscaffold8	33936473	34155685	  86.20664	  86.18584	  83.07790	  89.40906
superscaffold8	34123303	34301430	 108.47382	 108.19499	 102.80354	 115.61805
superscaffold8	34259608	34511749	  78.53330	  78.51303	  75.62523	  81.54700
superscaffold8	34450981	34719008	  95.31668	  95.08501	  89.05815	 102.94289
superscaffold8	34670582	34902839	  87.50600	  87.41825	  83.47270	  91.83467
superscaffold8	34877441	35026908	  95.09631	  95.08064	  91.77502	  98.51524
superscaffold8	34990362	35138240	  98.77914	  98.74382	  95.61454	 102.24968
superscaffold8	35107639	35272531	  97.89990	  97.84715	  93.44100	 102.70873
superscaffold8	35225366	35458650	  43.35112	  43.33283	  41.49217	  45.25198
superscaffold8	35420175	35593793	  71.36095	  71.35494	  68.40846	  74.23759
superscaffold8	35564512	35703946	 102.78994	 102.76829	  98.87982	 106.95794
superscaffold8	35676646	35867140	  94.09513	  94.04966	  90.63031	  97.72918
superscaffold8	35828549	35972722	  93.47783	  93.37775	  89.63233	  97.68515
superscaffold8	35950911	36111807	  88.74330	  88.69434	  85.04550	  92.63898
superscaffold8	36066068	36260850	  87.80008	  87.76564	  84.38534	  91.34614
superscaffold8	36233578	36488149	  81.86215	  81.81346	  78.35786	  85.47730
superscaffold8	36414909	36719791	  98.65502	  98.66565	  94.73418	 102.50848
superscaffold8	36719848	36773476	  14.89453	  14.86830	  13.65669	  16.20906