ChrZ	0	200000	superscaffold26	0	200000	172423	75723	187157	187670	6147	2657
ChrZ	200000	400000	superscaffold26	200000	400000	162040	67022	368763	368953	546	249
ChrZ	400000	600000	superscaffold26	400000	600000	189695	78569	535609	535714	2826	1280
ChrZ	600000	800000	superscaffold26	600000	800000	181544	75608	786207	786339	6575	2827
ChrZ	800000	1000000	superscaffold26	800000	1000000	177852	81608	957545	958062	250	133
ChrZ	1000000	1200000	superscaffold26	1000000	1200000	188714	75953	1156940	1157048	817	346
ChrZ	1200000	1400000	superscaffold26	1200000	1400000	188759	86399	0	0	0	0
ChrZ	1400000	1600000	superscaffold26	1400000	1600000	177338	79032	1425336	1425429	565	277
ChrZ	1600000	1800000	superscaffold26	1600000	1800000	181785	80892	1651632	1651766	1488	805
ChrZ	1800000	2000000	superscaffold26	1800000	2000000	187767	77836	0	0	0	0
ChrZ	2000000	2200000	superscaffold26	2000000	2200000	178993	75581	2113406	2113531	0	0
ChrZ	2200000	2400000	superscaffold26	2200000	2400000	188545	81624	0	0	0	0
ChrZ	2400000	2600000	superscaffold26	2400000	2600000	188356	78672	0	0	0	0
ChrZ	2600000	2800000	superscaffold26	2600000	2800000	189552	83677	2756501	2756666	0	0
ChrZ	2800000	3000000	superscaffold26	2800000	3000000	187365	86618	0	0	0	0
ChrZ	3000000	3200000	superscaffold26	3000000	3200000	182776	83199	3113748	3113913	1851	902
ChrZ	3200000	3400000	superscaffold26	3200000	3400000	188020	87071	3391363	3391575	3300	1647
ChrZ	3400000	3600000	superscaffold26	3400000	3600000	187272	82517	3599046	3599186	2555	1222
ChrZ	3600000	3800000	superscaffold26	3600000	3800000	186920	74712	3783022	3783136	1720	756
ChrZ	3800000	4000000	superscaffold26	3800000	4000000	169131	82983	3989934	3990419	1867	998
ChrZ	4000000	4200000	superscaffold26	4000000	4200000	187249	90208	4086615	4086795	596	313
ChrZ	4200000	4400000	superscaffold26	4200000	4400000	185708	90335	4370753	4371228	1462	770
ChrZ	4400000	4600000	superscaffold26	4400000	4600000	191504	83450	4450523	4450644	1389	596
ChrZ	4600000	4800000	superscaffold26	4600000	4800000	182113	78649	4795834	4795925	3072	1470
ChrZ	4800000	5000000	superscaffold26	4800000	5000000	190496	81848	4998698	4998834	4489	2036
ChrZ	5000000	5200000	superscaffold26	5000000	5200000	183800	81466	5177510	5178234	7082	3536
ChrZ	5200000	5400000	superscaffold26	5200000	5400000	193624	84646	5275557	5275698	12818	6095
ChrZ	5400000	5600000	superscaffold26	5400000	5600000	189355	79083	0	0	0	0
ChrZ	5600000	5800000	superscaffold26	5600000	5800000	187795	78356	5735907	5736075	550	262
ChrZ	5800000	6000000	superscaffold26	5800000	6000000	184045	83079	5804674	5808140	3432	1652
ChrZ	6000000	6200000	superscaffold26	6000000	6200000	188106	75617	6012777	6013107	0	0
ChrZ	6200000	6400000	superscaffold26	6200000	6400000	189751	73364	6350580	6350745	0	0
ChrZ	6400000	6600000	superscaffold26	6400000	6600000	177618	66017	6590855	6591020	1242	501
ChrZ	6600000	6800000	superscaffold26	6600000	6800000	180174	66599	6794293	6794452	0	0
ChrZ	6800000	7000000	superscaffold26	6800000	7000000	188014	73099	6880446	6880611	0	0
ChrZ	7000000	7200000	superscaffold26	7000000	7200000	187286	72645	7143347	7143435	2577	1114
ChrZ	7200000	7400000	superscaffold26	7200000	7400000	186559	75183	7290721	7291459	0	0
ChrZ	7400000	7600000	superscaffold26	7400000	7600000	184678	71166	7446372	7446537	0	0
ChrZ	7600000	7800000	superscaffold26	7600000	7800000	179835	69452	7777798	7777963	0	0
ChrZ	7800000	8000000	superscaffold26	7800000	8000000	182366	69840	7814124	7814289	0	0
ChrZ	8000000	8200000	superscaffold26	8000000	8200000	179832	67934	0	0	0	0
ChrZ	8200000	8400000	superscaffold26	8200000	8400000	183788	68270	0	0	0	0
ChrZ	8400000	8600000	superscaffold26	8400000	8600000	183347	69935	8587972	8588131	0	0
ChrZ	8600000	8800000	superscaffold26	8600000	8800000	176177	66420	8781797	8782535	0	0
ChrZ	8800000	9000000	superscaffold26	8800000	9000000	187106	72483	0	0	0	0
ChrZ	9000000	9200000	superscaffold26	9000000	9200000	183275	73828	0	0	0	0
ChrZ	9200000	9400000	superscaffold26	9200000	9400000	190711	79179	0	0	0	0
ChrZ	9400000	9600000	superscaffold26	9400000	9600000	189897	79911	9567908	9568073	0	0
ChrZ	9600000	9800000	superscaffold26	9600000	9800000	189069	82126	9764823	9764971	520	278
ChrZ	9800000	10000000	superscaffold26	9800000	10000000	187484	78848	9848630	9848755	563	308
ChrZ	10000000	10200000	superscaffold26	10000000	10200000	186163	78297	10197084	10197211	3060	1507
ChrZ	10200000	10400000	superscaffold26	10200000	10400000	179930	84517	10370537	10370754	3766	2039
ChrZ	10400000	10600000	superscaffold26	10400000	10600000	184932	75195	10599638	10599771	6736	3074
ChrZ	10600000	10800000	superscaffold26	10600000	10800000	180828	82450	10796551	10796686	1412	718
ChrZ	10800000	11000000	superscaffold26	10800000	11000000	156129	76943	10955913	10956098	2858	1489
ChrZ	11000000	11200000	superscaffold26	11000000	11200000	178094	87954	0	0	0	0
ChrZ	11200000	11400000	superscaffold26	11200000	11400000	176316	93356	11378581	11378807	226	137
ChrZ	11400000	11600000	superscaffold26	11400000	11600000	165959	93506	11554169	11554315	1835	1106
ChrZ	11600000	11800000	superscaffold26	11600000	11800000	174099	93038	11730829	11730988	11700	6732
ChrZ	11800000	12000000	superscaffold26	11800000	12000000	190080	80475	11998811	11998959	1090	516
ChrZ	12000000	12200000	superscaffold26	12000000	12200000	186143	86142	12179405	12179583	8806	4567
ChrZ	12200000	12400000	superscaffold26	12200000	12400000	55117	30757	12398995	12399098	3316	1882
ChrZ	12400000	12600000	superscaffold26	12400000	12600000	161315	87881	12597901	12598111	13696	7742
ChrZ	12600000	12800000	superscaffold26	12600000	12800000	181648	79292	12615560	12615681	2818	1361
ChrZ	12800000	13000000	superscaffold26	12800000	13000000	191696	86037	12957589	12958068	2664	1448
ChrZ	13000000	13200000	superscaffold26	13000000	13200000	186918	74334	13107039	13107207	5604	2474
ChrZ	13200000	13400000	superscaffold26	13200000	13400000	193242	77455	13210317	13210394	306	118
ChrZ	13400000	13600000	superscaffold26	13400000	13600000	183680	75174	13525245	13525391	2874	1254
ChrZ	13600000	13800000	superscaffold26	13600000	13800000	185353	75838	13795571	13795683	4165	2094
ChrZ	13800000	14000000	superscaffold26	13800000	14000000	191201	80435	13998354	13998394	5694	2354
ChrZ	14000000	14200000	superscaffold26	14000000	14200000	185691	69151	14199844	14200000	5916	2471
ChrZ	14200000	14400000	superscaffold26	14200000	14400000	181518	69271	14395202	14395338	9016	3675
ChrZ	14400000	14600000	superscaffold26	14400000	14600000	188787	72517	14594160	14594298	2600	1084
ChrZ	14600000	14800000	superscaffold26	14600000	14800000	177609	66421	14777221	14777374	1310	568
ChrZ	14800000	15000000	superscaffold26	14800000	15000000	190675	68901	14991505	14991686	12704	5341
ChrZ	15000000	15200000	superscaffold26	15000000	15200000	185044	70814	15174059	15174231	2042	917
ChrZ	15200000	15400000	superscaffold26	15200000	15400000	188598	77764	15384563	15384664	1976	944
ChrZ	15400000	15600000	superscaffold26	15400000	15600000	183979	76061	15450020	15450290	6026	2691
ChrZ	15600000	15800000	superscaffold26	15600000	15800000	184845	69562	15797356	15797597	1634	643
ChrZ	15800000	16000000	superscaffold26	15800000	16000000	188823	74538	15906329	15906491	2562	1169
ChrZ	16000000	16200000	superscaffold26	16000000	16200000	189985	74035	16106056	16106221	0	0
ChrZ	16200000	16400000	superscaffold26	16200000	16400000	183379	69334	16399661	16399828	3810	1662
ChrZ	16400000	16600000	superscaffold26	16400000	16600000	189070	76934	16578315	16578645	1281	621
ChrZ	16600000	16800000	superscaffold26	16600000	16800000	134065	52684	16780686	16780988	3093	1389
ChrZ	16800000	17000000	superscaffold26	16800000	17000000	189753	73943	0	0	0	0
ChrZ	17000000	17200000	superscaffold26	17000000	17200000	184595	71694	17120989	17121675	7356	3144
ChrZ	17200000	17400000	superscaffold26	17200000	17400000	186411	70899	17268637	17268788	6673	2923
ChrZ	17400000	17600000	superscaffold26	17400000	17600000	187287	71189	17536088	17536422	587	271
ChrZ	17600000	17800000	superscaffold26	17600000	17800000	182752	69607	17772749	17772914	855	391
ChrZ	17800000	18000000	superscaffold26	17800000	18000000	179780	65826	17977691	17977853	1083	501
ChrZ	18000000	18200000	superscaffold26	18000000	18200000	186530	67855	18129598	18129763	426	157
ChrZ	18200000	18400000	superscaffold26	18200000	18400000	191161	72207	18366460	18366560	3112	1293
ChrZ	18400000	18600000	superscaffold26	18400000	18600000	188863	70880	0	0	0	0
ChrZ	18600000	18800000	superscaffold26	18600000	18800000	185419	68837	18786363	18786528	1041	520
ChrZ	18800000	19000000	superscaffold26	18800000	19000000	179789	65470	18977435	18978158	1	0
ChrZ	19000000	19200000	superscaffold26	19000000	19200000	190155	68709	0	0	0	0
ChrZ	19200000	19400000	superscaffold26	19200000	19400000	191356	73098	19398628	19398694	8217	3540
ChrZ	19400000	19600000	superscaffold26	19400000	19600000	188098	72232	19595759	19595932	1704	800
ChrZ	19600000	19800000	superscaffold26	19600000	19800000	192021	71390	19798309	19798369	447	186
ChrZ	19800000	20000000	superscaffold26	19800000	20000000	186148	72266	19953218	19953383	610	290
ChrZ	20000000	20200000	superscaffold26	20000000	20200000	191350	77534	20172705	20172866	2289	1011
ChrZ	20200000	20400000	superscaffold26	20200000	20400000	187895	72705	20234075	20234241	8150	3367
ChrZ	20400000	20600000	superscaffold26	20400000	20600000	187902	72417	20563531	20563838	6345	2625
ChrZ	20600000	20800000	superscaffold26	20600000	20800000	184708	75828	20798608	20798773	1683	793
ChrZ	20800000	21000000	superscaffold26	20800000	21000000	188959	74414	20998469	20998585	6062	2659
ChrZ	21000000	21200000	superscaffold26	21000000	21200000	190106	76181	21056927	21057083	1756	727
ChrZ	21200000	21400000	superscaffold26	21200000	21400000	187858	74487	21339777	21340287	0	0
ChrZ	21400000	21600000	superscaffold26	21400000	21600000	185405	72925	21595195	21595360	1779	772
ChrZ	21600000	21800000	superscaffold26	21600000	21800000	189045	74940	21790614	21790769	1403	605
ChrZ	21800000	22000000	superscaffold26	21800000	22000000	190455	71010	21896803	21896968	103	43
ChrZ	22000000	22200000	superscaffold26	22000000	22200000	187042	66308	0	0	0	0
ChrZ	22200000	22400000	superscaffold26	22200000	22400000	180571	66591	22362303	22362468	0	0
ChrZ	22400000	22600000	superscaffold26	22400000	22600000	181978	67464	22581589	22581811	4041	1655
ChrZ	22600000	22800000	superscaffold26	22600000	22800000	188400	75144	22786806	22786971	2877	1375
ChrZ	22800000	23000000	superscaffold26	22800000	23000000	185487	77427	0	0	0	0
ChrZ	23000000	23200000	superscaffold26	23000000	23200000	189287	68477	23185817	23185979	5931	2441
ChrZ	23200000	23400000	superscaffold26	23200000	23400000	192414	75107	23379923	23380088	0	0
ChrZ	23400000	23600000	superscaffold26	23400000	23600000	191118	76366	23557331	23557496	0	0
ChrZ	23600000	23800000	superscaffold26	23600000	23800000	180508	68569	23799018	23799089	523	228
ChrZ	23800000	24000000	superscaffold26	23800000	24000000	187157	68527	23997588	23997765	722	339
ChrZ	24000000	24200000	superscaffold26	24000000	24200000	186081	67591	24197448	24197538	3717	1580
ChrZ	24200000	24400000	superscaffold26	24200000	24400000	185771	69050	24332476	24332608	8066	3341
ChrZ	24400000	24600000	superscaffold26	24400000	24600000	189133	70343	24534289	24534439	5367	2295
ChrZ	24600000	24800000	superscaffold26	24600000	24800000	186207	72884	0	0	0	0
ChrZ	24800000	25000000	superscaffold26	24800000	25000000	191375	77460	24957566	24957677	4089	1840
ChrZ	25000000	25310599	superscaffold26	25000000	25310599	292099	122134	25201965	25202130	0	0
ChrZ	25310599	25689844	superscaffold54	16000000	16379243	349053	124421	16270466	16271204	1839	747
ChrZ	25689842	25889844	superscaffold54	15800000	16000000	189532	81211	15907905	15908070	0	0
ChrZ	25889842	26089844	superscaffold54	15600000	15800000	190239	80405	15679356	15679535	8729	3961
ChrZ	26089842	26289844	superscaffold54	15400000	15600000	188249	76320	15552991	15553156	5286	2268
ChrZ	26289842	26489844	superscaffold54	15200000	15400000	191458	71003	15394918	15395104	4567	2114
ChrZ	26489842	26689844	superscaffold54	15000000	15200000	185995	69587	15199909	15200000	2413	1048
ChrZ	26689842	26889844	superscaffold54	14800000	15000000	167124	63951	14948196	14948626	1644	751
ChrZ	26889842	27089844	superscaffold54	14600000	14800000	189536	70548	14798461	14798536	3147	1334
ChrZ	27089842	27289844	superscaffold54	14400000	14600000	183973	73552	14500445	14500553	1089	432
ChrZ	27289842	27489844	superscaffold54	14200000	14400000	184985	74866	14270391	14270503	5691	2442
ChrZ	27489842	27689844	superscaffold54	14000000	14200000	191588	80175	14196999	14197149	291	118
ChrZ	27689842	27889844	superscaffold54	13800000	14000000	183183	70105	13972170	13972351	2181	951
ChrZ	27889842	28089844	superscaffold54	13600000	13800000	191733	70926	13722234	13722385	5451	2222
ChrZ	28089842	28289844	superscaffold54	13400000	13600000	189507	73189	13500319	13500497	7176	3018
ChrZ	28289842	28489844	superscaffold54	13200000	13400000	182840	73395	13395186	13395351	8160	3752
ChrZ	28489842	28689844	superscaffold54	13000000	13200000	190702	80820	13130971	13131136	0	0
ChrZ	28689842	28889844	superscaffold54	12800000	13000000	188552	76972	12950608	12950812	7065	3056
ChrZ	28889842	29089844	superscaffold54	12600000	12800000	179483	75551	12797717	12797761	2097	950
ChrZ	29089842	29289844	superscaffold54	12400000	12600000	188837	69472	12517371	12517524	4983	2075
ChrZ	29289842	29489844	superscaffold54	12200000	12400000	192857	77451	12277120	12277339	2355	988
ChrZ	29489842	29689844	superscaffold54	12000000	12200000	186886	83066	12197360	12198172	6875	2970
ChrZ	29689842	29889844	superscaffold54	11800000	12000000	184975	70009	11811379	11813556	12729	5292
ChrZ	29889842	30089844	superscaffold54	11600000	11800000	189779	72949	11648940	11649055	6174	2504
ChrZ	30089842	30289844	superscaffold54	11400000	11600000	185088	71087	11464586	11464655	2214	1027
ChrZ	30289842	30489844	superscaffold54	11200000	11400000	190513	70710	11397003	11397117	2406	1116
ChrZ	30489842	30689844	superscaffold54	11000000	11200000	178860	67891	11086160	11086274	633	267
ChrZ	30689842	30889844	superscaffold54	10800000	11000000	191457	75587	10994269	10994413	1284	591
ChrZ	30889842	31089844	superscaffold54	10600000	10800000	190699	74767	0	0	0	0
ChrZ	31089842	31289844	superscaffold54	10400000	10600000	184847	68613	10598638	10598749	111	49
ChrZ	31289842	31489844	superscaffold54	10200000	10400000	33927	13479	0	0	0	0
ChrZ	31489842	31689844	superscaffold54	10000000	10200000	189305	72880	10187884	10188171	1260	607
ChrZ	31689842	31889844	superscaffold54	9800000	10000000	192033	71001	9988852	9989037	783	349
ChrZ	31889842	32089844	superscaffold54	9600000	9800000	188635	70717	0	0	0	0
ChrZ	32089842	32289844	superscaffold54	9400000	9600000	187993	66516	9586457	9586613	0	0
ChrZ	32289842	32489844	superscaffold54	9200000	9400000	192811	69325	9308606	9308771	0	0
ChrZ	32489842	32689844	superscaffold54	9000000	9200000	190751	68860	9186419	9186584	0	0
ChrZ	32689842	32889844	superscaffold54	8800000	9000000	187927	70156	8937161	8937326	0	0
ChrZ	32889842	33089844	superscaffold54	8600000	8800000	186376	69306	8738875	8739025	3306	1330
ChrZ	33089842	33289844	superscaffold54	8400000	8600000	190785	76035	0	0	0	0
ChrZ	33289842	33489844	superscaffold54	8200000	8400000	185386	69084	8382004	8382279	1455	602
ChrZ	33489842	33689844	superscaffold54	8000000	8200000	186589	70867	8153981	8154146	993	508
ChrZ	33689842	33889844	superscaffold54	7800000	8000000	190932	73987	0	0	0	0
ChrZ	33889842	34089844	superscaffold54	7600000	7800000	190742	72896	7618917	7619082	0	0
ChrZ	34089842	34289844	superscaffold54	7400000	7600000	191480	75703	7417756	7417867	514	211
ChrZ	34289842	34489844	superscaffold54	7200000	7400000	190677	68300	7398605	7399193	813	362
ChrZ	34489842	34689844	superscaffold54	7000000	7200000	189119	73189	7035430	7035484	1242	556
ChrZ	34689842	34889844	superscaffold54	6800000	7000000	190645	69027	0	0	0	0
ChrZ	34889842	35089844	superscaffold54	6600000	6800000	190190	69470	0	0	0	0
ChrZ	35089842	35289844	superscaffold54	6400000	6600000	190414	70604	0	0	0	0
ChrZ	35289842	35489844	superscaffold54	6200000	6400000	187558	71951	6251699	6251864	0	0
ChrZ	35489842	35689844	superscaffold54	6000000	6200000	166603	68148	6064971	6065016	503	230
ChrZ	35689842	35889844	superscaffold54	5800000	6000000	190238	70967	5959284	5959369	757	323
ChrZ	35889842	36089844	superscaffold54	5600000	5800000	186242	65406	5789245	5789346	1735	704
ChrZ	36089842	36289844	superscaffold54	5400000	5600000	192572	70123	5593324	5593507	3878	1568
ChrZ	36289842	36489844	superscaffold54	5200000	5400000	191856	72223	5390462	5390582	1845	783
ChrZ	36489842	36689844	superscaffold54	5000000	5200000	186641	74234	5158691	5158856	7557	3281
ChrZ	36689842	36889844	superscaffold54	4800000	5000000	190311	73772	4982104	4982329	3627	1396
ChrZ	36889842	37089844	superscaffold54	4600000	4800000	194476	78301	4722178	4722538	2752	1226
ChrZ	37089842	37289844	superscaffold54	4400000	4600000	193423	76084	4472272	4472911	9468	3971
ChrZ	37289842	37489844	superscaffold54	4200000	4400000	189436	73928	4399013	4399109	2082	925
ChrZ	37489842	37689844	superscaffold54	4000000	4200000	188408	74775	4030436	4031174	0	0
ChrZ	37689842	37889844	superscaffold54	3800000	4000000	186092	76766	3817320	3817986	1215	637
ChrZ	37889842	38089844	superscaffold54	3600000	3800000	188999	70934	3788193	3788554	5111	2110
ChrZ	38089842	38289844	superscaffold54	3400000	3600000	190507	70896	0	0	0	0
ChrZ	38289842	38489844	superscaffold54	3200000	3400000	188685	71165	3348189	3348354	0	0
ChrZ	38489842	38689844	superscaffold54	3000000	3200000	189923	75633	3192873	3193044	960	421
ChrZ	38689842	38889844	superscaffold54	2800000	3000000	191706	71715	0	0	0	0
ChrZ	38889842	39089844	superscaffold54	2600000	2800000	191664	74404	2756385	2756550	357	140
ChrZ	39089842	39289844	superscaffold54	2400000	2600000	187519	71174	2530332	2530421	4724	2018
ChrZ	39289842	39489844	superscaffold54	2200000	2400000	193915	72979	2399024	2399179	6518	2867
ChrZ	39489842	39689844	superscaffold54	2000000	2200000	191130	71402	2109467	2109626	0	0
ChrZ	39689842	39889844	superscaffold54	1800000	2000000	193244	72971	0	0	0	0
ChrZ	39889842	40089844	superscaffold54	1600000	1800000	188645	68820	1734915	1735653	0	0
ChrZ	40089842	40289844	superscaffold54	1400000	1600000	189559	69180	1551759	1552497	0	0
ChrZ	40289842	40489844	superscaffold54	1200000	1400000	192167	70605	0	0	0	0
ChrZ	40489842	40689844	superscaffold54	1000000	1200000	192014	72331	0	0	0	0
ChrZ	40689842	40889844	superscaffold54	800000	1000000	192872	77225	845582	845701	561	259
ChrZ	40889842	41089844	superscaffold54	600000	800000	188900	75541	0	0	0	0
ChrZ	41089842	41289844	superscaffold54	400000	600000	193006	72161	554139	554294	232	103
ChrZ	41289842	41489844	superscaffold54	200000	400000	184353	65793	360415	360523	752	293
ChrZ	41489842	41689844	superscaffold54	0	200000	184246	66248	16241	16396	2466	962
ChrZ	41689842	41889842	superscaffold35	0	200000	178832	67148	63015	63223	2088	919
ChrZ	41889842	42089842	superscaffold35	200000	400000	187593	69996	293382	293577	2802	1138
ChrZ	42089842	42289842	superscaffold35	400000	600000	188400	72338	0	0	0	0
ChrZ	42289842	42489842	superscaffold35	600000	800000	180796	71041	710208	710355	3498	1508
ChrZ	42489842	42689842	superscaffold35	800000	1000000	189109	76383	993395	993476	1278	590
ChrZ	42689842	42889842	superscaffold35	1000000	1200000	193127	77774	1146849	1146969	1486	674
ChrZ	42889842	43089842	superscaffold35	1200000	1400000	186083	72195	1399811	1399920	995	442
ChrZ	43089842	43289842	superscaffold35	1400000	1600000	191976	75737	1507278	1507329	12155	5356
ChrZ	43289842	43489842	superscaffold35	1600000	1800000	191229	74172	1769596	1769653	4455	1925
ChrZ	43489842	43689842	superscaffold35	1800000	2000000	186613	74923	1882595	1883330	0	0
ChrZ	43689842	43889842	superscaffold35	2000000	2200000	195012	79145	2119467	2119752	1338	575
ChrZ	43889842	44089842	superscaffold35	2200000	2400000	191344	78542	2380289	2380414	4368	1874
ChrZ	44089842	44289842	superscaffold35	2400000	2600000	188868	78665	2555810	2555908	2658	1137
ChrZ	44289842	44489842	superscaffold35	2600000	2800000	192029	75890	2712799	2712910	2958	1176
ChrZ	44489842	44689842	superscaffold35	2800000	3000000	189616	79982	2917648	2917748	3114	1547
ChrZ	44689842	44889842	superscaffold35	3000000	3200000	194476	81886	0	0	0	0
ChrZ	44889842	45089842	superscaffold35	3200000	3400000	190025	74545	0	0	0	0
ChrZ	45089842	45289842	superscaffold35	3400000	3600000	192600	72528	0	0	0	0
ChrZ	45289842	45489842	superscaffold35	3600000	3800000	194256	75275	3785173	3785269	678	285
ChrZ	45489842	45689842	superscaffold35	3800000	4000000	190781	72731	3915684	3915812	9534	3978
ChrZ	45689842	45889842	superscaffold35	4000000	4200000	192110	74379	4068105	4068192	2109	919
ChrZ	45889842	46089842	superscaffold35	4200000	4400000	185235	70426	4294239	4294404	0	0
ChrZ	46089842	46315381	superscaffold35	4400000	4625539	217672	83392	4469584	4470343	759	438
ChrZ	46315381	46709558	superscaffold36	9000000	9394175	371893	139901	9191075	9191817	4031	1778
ChrZ	46709556	46909558	superscaffold36	8800000	9000000	192447	75524	8996625	8996718	2623	1180
ChrZ	46909556	47109558	superscaffold36	8600000	8800000	188164	76999	8793071	8793155	1983	969
ChrZ	47109556	47309558	superscaffold36	8400000	8600000	191997	70496	8568802	8568899	4210	1771
ChrZ	47309556	47509558	superscaffold36	8200000	8400000	194281	76622	0	0	0	0
ChrZ	47509556	47709558	superscaffold36	8000000	8200000	190270	75846	8105543	8105708	3328	1633
ChrZ	47709556	47909558	superscaffold36	7800000	8000000	190963	77650	7980770	7981026	1061	545
ChrZ	47909556	48109558	superscaffold36	7600000	7800000	188901	75883	7624596	7624761	0	0
ChrZ	48109556	48309558	superscaffold36	7400000	7600000	191003	76003	0	0	0	0
ChrZ	48309556	48509558	superscaffold36	7200000	7400000	195302	78879	7257345	7257467	2583	1176
ChrZ	48509556	48709558	superscaffold36	7000000	7200000	191671	78074	7195938	7196561	1974	943
ChrZ	48709556	48909558	superscaffold36	6800000	7000000	191790	76606	6976140	6976256	4680	2354
ChrZ	48909556	49109558	superscaffold36	6600000	6800000	187494	71928	0	0	0	0
ChrZ	49109556	49309558	superscaffold36	6400000	6600000	190001	72618	6567398	6567770	8114	3752
ChrZ	49309556	49509558	superscaffold36	6200000	6400000	187992	69917	6396563	6396659	3616	1509
ChrZ	49509556	49709558	superscaffold36	6000000	6200000	191678	73992	6194377	6194503	1456	653
ChrZ	49709556	49909558	superscaffold36	5800000	6000000	188943	73418	5991966	5992072	2585	1223
ChrZ	49909556	50109558	superscaffold36	5600000	5800000	191845	74878	5715756	5717316	1560	674
ChrZ	50109556	50309558	superscaffold36	5400000	5600000	195153	78089	0	0	0	0
ChrZ	50309556	50509558	superscaffold36	5200000	5400000	189725	77297	5370424	5370586	465	227
ChrZ	50509556	50709558	superscaffold36	5000000	5200000	190435	74545	5162985	5163086	1590	688
ChrZ	50709556	50909558	superscaffold36	4800000	5000000	189125	76013	4979698	4979826	3929	1776
ChrZ	50909556	51109558	superscaffold36	4600000	4800000	190420	76132	4790827	4790920	2402	1059
ChrZ	51109556	51309558	superscaffold36	4400000	4600000	186443	73676	4516508	4517105	597	260
ChrZ	51309556	51509558	superscaffold36	4200000	4400000	193064	80898	0	0	0	0
ChrZ	51509556	51709558	superscaffold36	4000000	4200000	189706	80786	4134902	4135067	2781	1189
ChrZ	51709556	51909558	superscaffold36	3800000	4000000	191119	77308	3995884	3995988	2757	1211
ChrZ	51909556	52109558	superscaffold36	3600000	3800000	188277	72815	3687421	3687618	735	316
ChrZ	52109556	52309558	superscaffold36	3400000	3600000	175575	66071	3511887	3511983	1377	603
ChrZ	52309556	52509558	superscaffold36	3200000	3400000	179817	66382	0	0	0	0
ChrZ	52509556	52709558	superscaffold36	3000000	3200000	183261	66318	0	0	0	0
ChrZ	52709556	52909558	superscaffold36	2800000	3000000	179221	63134	2980128	2980293	303	144
ChrZ	52909556	53109558	superscaffold36	2600000	2800000	178132	62805	2733364	2733512	660	260
ChrZ	53109556	53309558	superscaffold36	2400000	2600000	184214	64981	2523719	2523884	0	0
ChrZ	53309556	53509558	superscaffold36	2200000	2400000	183396	65537	2336073	2336238	0	0
ChrZ	53509556	53709558	superscaffold36	2000000	2200000	130016	48587	0	0	0	0
ChrZ	53709556	53909558	superscaffold36	1800000	2000000	144278	57538	1910038	1910090	780	365
ChrZ	53909556	54109558	superscaffold36	1600000	1800000	94489	35496	1792601	1792679	1336	592
ChrZ	54109556	54309558	superscaffold36	1400000	1600000	0	0	0	0	0	0
ChrZ	54309556	54509558	superscaffold36	1200000	1400000	0	0	0	0	0	0
ChrZ	54509556	54709558	superscaffold36	1000000	1200000	128717	48414	1099126	1099213	1169	553
ChrZ	54709556	54909558	superscaffold36	800000	1000000	186353	74147	999640	999807	8000	3650
ChrZ	54909556	55109558	superscaffold36	600000	800000	138887	56163	798007	798231	224	96
ChrZ	55109556	55309558	superscaffold36	400000	600000	130507	53547	0	0	0	0
ChrZ	55309556	55509558	superscaffold36	200000	400000	185798	71658	361959	362455	7731	3167
ChrZ	55509556	55709558	superscaffold36	0	200000	164586	64244	102788	102953	0	0
ChrZ	55709556	55909556	superscaffold62	0	200000	172872	65579	196195	196348	10732	4510
ChrZ	55909556	56109556	superscaffold62	200000	400000	188357	72362	359339	359932	2118	914
ChrZ	56109556	56309556	superscaffold62	400000	600000	54878	20664	457092	457178	1383	575
ChrZ	56309556	56509556	superscaffold62	600000	800000	147559	57417	726453	726618	0	0
ChrZ	56509556	56709556	superscaffold62	800000	1000000	184275	71075	937765	937870	2148	1047
ChrZ	56709556	56909556	superscaffold62	1000000	1200000	148287	56816	1086579	1086744	10	4
ChrZ	56909556	57109556	superscaffold62	1200000	1400000	56205	21108	0	0	0	0
ChrZ	57109556	57309556	superscaffold62	1400000	1600000	182873	70317	1490890	1490995	2038	1024
ChrZ	57309556	57509556	superscaffold62	1600000	1800000	153758	59504	0	0	0	0
ChrZ	57509556	57709556	superscaffold62	1800000	2000000	0	0	0	0	0	0
ChrZ	57709556	57909556	superscaffold62	2000000	2200000	0	0	0	0	0	0
ChrZ	57909556	58109556	superscaffold62	2200000	2400000	148841	54650	2395649	2395837	942	359
ChrZ	58109556	58309556	superscaffold62	2400000	2600000	184863	67544	2509183	2509228	8863	3423
ChrZ	58309556	58626847	superscaffold62	2600000	2917291	299613	116881	2909233	2909384	6048	2682
ChrZ	58626847	58826847	superscaffold67	0	200000	172590	65536	164131	164259	2896	1168
ChrZ	58826847	59026847	superscaffold67	200000	400000	184507	71175	0	0	0	0
ChrZ	59026847	59226847	superscaffold67	400000	600000	186830	75262	0	0	0	0
ChrZ	59226847	59426847	superscaffold67	600000	800000	123459	47573	704551	704722	2460	1033
ChrZ	59426847	59626847	superscaffold67	800000	1000000	0	0	0	0	0	0
ChrZ	59626847	59826847	superscaffold67	1000000	1200000	0	0	0	0	0	0
ChrZ	59826847	60026847	superscaffold67	1200000	1400000	0	0	0	0	0	0
ChrZ	60026847	60226847	superscaffold67	1400000	1600000	0	0	0	0	0	0
ChrZ	60226847	60426847	superscaffold67	1600000	1800000	0	0	0	0	0	0
ChrZ	60426847	60626847	superscaffold67	1800000	2000000	77144	30269	0	0	0	0
ChrZ	60626847	60826847	superscaffold67	2000000	2200000	183993	68928	0	0	0	0
ChrZ	60826847	61026847	superscaffold67	2200000	2400000	10120	3681	0	0	0	0
ChrZ	61026847	61226847	superscaffold67	2400000	2600000	70831	27595	2598720	2598987	3968	1656
ChrZ	61226847	61426847	superscaffold67	2600000	2800000	183062	70471	2793603	2794749	2274	1111
ChrZ	61426847	61626847	superscaffold67	2800000	3000000	185300	72318	2990841	2991053	7344	3372
ChrZ	61626847	61826847	superscaffold67	3000000	3200000	193440	77043	3019499	3019639	711	304
ChrZ	61826847	62026847	superscaffold67	3200000	3400000	174193	70710	3258852	3258999	807	335
ChrZ	62026847	62226847	superscaffold67	3400000	3600000	182647	73561	3500787	3500867	1194	503
ChrZ	62226847	62426847	superscaffold67	3600000	3800000	179533	68387	3797935	3798007	1375	566
ChrZ	62426847	62626847	superscaffold67	3800000	4000000	187260	75075	3954627	3955563	1065	472
ChrZ	62626847	62826847	superscaffold67	4000000	4200000	188323	73207	4177192	4177503	8165	3671
ChrZ	62826847	63026847	superscaffold67	4200000	4400000	184532	73881	4364062	4364370	4410	2145
ChrZ	63026847	63226847	superscaffold67	4400000	4600000	186566	71622	0	0	0	0
ChrZ	63226847	63426847	superscaffold67	4600000	4800000	180864	67969	0	0	0	0
ChrZ	63426847	63626847	superscaffold67	4800000	5000000	187582	72382	4981032	4981131	1809	767
ChrZ	63626847	63927107	superscaffold67	5000000	5300260	279070	100742	0	0	0	0
ChrZ	63927107	64127107	superscaffold69-1	0	200000	193128	75128	110504	110631	1059	514
ChrZ	64127107	64327107	superscaffold69-1	200000	400000	180475	70752	397313	397478	165	86
ChrZ	64327107	64527107	superscaffold69-1	400000	600000	189061	73458	409421	409635	6213	2921
ChrZ	64527107	64727107	superscaffold69-1	600000	800000	179475	67259	727938	728103	0	0
ChrZ	64727107	64927107	superscaffold69-1	800000	1000000	185002	68074	824984	825149	0	0
ChrZ	64927107	65127107	superscaffold69-1	1000000	1200000	178463	65055	1174140	1174341	0	0
ChrZ	65127107	65327107	superscaffold69-1	1200000	1400000	182244	66454	1368961	1369126	0	0
ChrZ	65327107	65527107	superscaffold69-1	1400000	1600000	180523	63303	1453960	1454125	0	0
ChrZ	65527107	65727107	superscaffold69-1	1600000	1800000	187652	65311	0	0	0	0
ChrZ	65727107	65927107	superscaffold69-1	1800000	2000000	175717	61713	0	0	0	0
ChrZ	65927107	66127107	superscaffold69-1	2000000	2200000	180280	64348	2151727	2152057	0	0
ChrZ	66127107	66327107	superscaffold69-1	2200000	2400000	188973	66686	2356430	2356565	286	127
ChrZ	66327107	66527107	superscaffold69-1	2400000	2600000	188159	68671	2566499	2566565	5284	2453
ChrZ	66527107	66727107	superscaffold69-1	2600000	2800000	182710	71509	0	0	0	0
ChrZ	66727107	66927107	superscaffold69-1	2800000	3000000	189714	72670	2958661	2958847	741	311
ChrZ	66927107	67127107	superscaffold69-1	3000000	3200000	179764	63357	3054556	3054750	1497	632
ChrZ	67127107	67327107	superscaffold69-1	3200000	3400000	178508	66294	3346908	3347157	4924	2167
ChrZ	67327107	67527107	superscaffold69-1	3400000	3600000	178904	66967	3571596	3571713	13392	5764
ChrZ	67527107	67727107	superscaffold69-1	3600000	3800000	185293	70688	3669842	3670108	4383	1811
ChrZ	67727107	67927107	superscaffold69-1	3800000	4000000	181201	72426	3979880	3980054	2565	1137
ChrZ	67927107	68127107	superscaffold69-1	4000000	4200000	163643	70404	4198189	4198317	5592	2606
ChrZ	68127107	68327107	superscaffold69-1	4200000	4400000	193123	79032	4204248	4204357	242	116
ChrZ	68327107	68527107	superscaffold69-1	4400000	4600000	187286	79480	4554533	4554670	3585	1816
ChrZ	68527107	68727107	superscaffold69-1	4600000	4800000	188278	81242	4791857	4791917	10497	5089
ChrZ	68727107	68927107	superscaffold69-1	4800000	5000000	189292	74512	4939166	4939292	10812	4775
ChrZ	68927107	69127107	superscaffold69-1	5000000	5200000	185158	77958	5196371	5196465	1565	656
ChrZ	69127107	69327107	superscaffold69-1	5200000	5400000	175509	68209	5364736	5364846	4312	1870
ChrZ	69327107	69527107	superscaffold69-1	5400000	5600000	187210	80179	5586931	5587021	2798	1374
ChrZ	69527107	69905625	superscaffold69-1	5600000	5978518	364037	148611	5743441	5743558	3163	1545
ChrZ	69905625	70105625	superscaffold93	0	200000	181816	71673	0	0	0	0
ChrZ	70105625	70305625	superscaffold93	200000	400000	145514	60006	358465	358639	6284	3146
ChrZ	70305625	70505625	superscaffold93	400000	600000	120426	47466	0	0	0	0
ChrZ	70505625	70705625	superscaffold93	600000	800000	179874	68115	736187	736352	0	0
ChrZ	70705625	70905625	superscaffold93	800000	1000000	182075	66842	933841	934006	0	0
ChrZ	70905625	71105625	superscaffold93	1000000	1200000	176992	64263	1165197	1165362	0	0
ChrZ	71105625	71305625	superscaffold93	1200000	1400000	184783	68191	1244084	1244249	0	0
ChrZ	71305625	71505625	superscaffold93	1400000	1600000	175239	67133	1512541	1512706	0	0
ChrZ	71505625	71705625	superscaffold93	1600000	1800000	186054	72971	0	0	0	0
ChrZ	71705625	71905625	superscaffold93	1800000	2000000	184457	79108	0	0	0	0
ChrZ	71905625	72105625	superscaffold93	2000000	2200000	181418	75799	2191365	2191630	2087	979
ChrZ	72105625	72305625	superscaffold93	2200000	2400000	180870	75116	2351197	2351362	6008	2823
ChrZ	72305625	72505625	superscaffold93	2400000	2600000	182979	75704	2502951	2503116	0	0
ChrZ	72505625	72705625	superscaffold93	2600000	2800000	189112	77015	2792056	2792149	5679	2525
ChrZ	72705625	72905625	superscaffold93	2800000	3000000	189262	82664	2998821	2999023	675	324
ChrZ	72905625	73105625	superscaffold93	3000000	3200000	184640	84332	3191921	3191964	3612	1764
ChrZ	73105625	73305625	superscaffold93	3200000	3400000	182455	77646	3309498	3309663	0	0
ChrZ	73305625	73505625	superscaffold93	3400000	3600000	192702	81940	0	0	0	0
ChrZ	73505625	73705625	superscaffold93	3600000	3800000	188839	84242	3797143	3797273	431	192
ChrZ	73705625	73905625	superscaffold93	3800000	4000000	185469	80626	3995516	3995656	3826	1861
ChrZ	73905625	74105625	superscaffold93	4000000	4200000	185062	75709	4197843	4197975	5596	2492
ChrZ	74105625	74305625	superscaffold93	4200000	4400000	190848	81709	4395063	4395163	3051	1368
ChrZ	74305625	74505625	superscaffold93	4400000	4600000	176644	70874	4480462	4480561	3732	1618
ChrZ	74505625	74889216	superscaffold93	4600000	4983591	336503	151445	4959276	4959362	978	530
ChrZ	74889216	75089216	superscaffold63	0	200000	172841	78277	130999	131271	4266	2143
ChrZ	75089216	75289216	superscaffold63	200000	400000	174196	81213	262106	262155	9543	4521
ChrZ	75289216	75489216	superscaffold63	400000	600000	174664	75780	599250	599439	7236	3158
ChrZ	75489216	75689216	superscaffold63	600000	800000	180491	77828	797169	797280	5590	2641
ChrZ	75689216	75889216	superscaffold63	800000	1000000	188107	74974	978593	978684	5346	2348
ChrZ	75889216	76089216	superscaffold63	1000000	1200000	188881	79803	1199618	1200000	7834	3624
ChrZ	76089216	76289216	superscaffold63	1200000	1400000	181647	77537	1346240	1347305	4039	1998
ChrZ	76289216	76582141	superscaffold63	1400000	1692925	277817	113522	1692867	1692925	3052	1435
ChrZ	76582141	76782141	superscaffold88	0	200000	189281	78839	178711	178840	8854	4275
ChrZ	76782141	76982141	superscaffold88	200000	400000	173711	69929	368010	368186	1440	666
ChrZ	76982141	77206255	superscaffold88	400000	624114	187791	77248	606173	606266	1971	837
ChrZ	77206255	77406255	superscaffold83	0	200000	173482	74601	164495	164672	372	191
ChrZ	77406255	77606255	superscaffold83	200000	400000	174058	76823	0	0	0	0
ChrZ	77606255	77988761	superscaffold83	400000	782506	303623	128119	475125	475347	4215	1989
ChrZ	77988761	78188761	superscaffold92	0	200000	171403	61346	191733	191898	0	0
ChrZ	78188761	78388761	superscaffold92	200000	400000	183331	65564	335898	336063	0	0
ChrZ	78388761	78588761	superscaffold92	400000	600000	171951	64263	554527	554692	1857	884
ChrZ	78588761	78788761	superscaffold92	600000	800000	175912	69260	792562	792765	585	279
ChrZ	78788761	78988761	superscaffold92	800000	1000000	186683	71094	950230	950291	8067	3430
ChrZ	78988761	79188761	superscaffold92	1000000	1200000	187959	71595	1036956	1037121	0	0
ChrZ	79188761	79388761	superscaffold92	1200000	1400000	95850	36426	1283756	1283921	2	1
ChrZ	79388761	79588761	superscaffold92	1400000	1600000	126386	46710	0	0	0	0
ChrZ	79588761	79788761	superscaffold92	1600000	1800000	185496	72098	1690031	1690353	924	404
ChrZ	79788761	79988761	superscaffold92	1800000	2000000	177799	68896	0	0	0	0
ChrZ	79988761	80188761	superscaffold92	2000000	2200000	123730	49630	2154216	2154436	957	491
ChrZ	80188761	80388761	superscaffold92	2200000	2400000	182780	69869	2276813	2276947	1095	592
ChrZ	80388761	80588761	superscaffold92	2400000	2600000	183380	67816	2539247	2539338	3342	1485
ChrZ	80588761	80871604	superscaffold92	2600000	2882843	243556	98906	2879325	2879662	6631	3061
