ChrZ	0	200000	superscaffold26	0	200000	172423	75723	130226	151523	98218	45519
ChrZ	200000	400000	superscaffold26	200000	400000	162040	67022	368953	400000	148021	61239
ChrZ	400000	600000	superscaffold26	400000	600000	189695	78569	535714	600000	72860	30320
ChrZ	600000	800000	superscaffold26	600000	800000	181544	75608	786339	800000	125640	53400
ChrZ	800000	1000000	superscaffold26	800000	1000000	177852	81608	958062	1000000	137118	61900
ChrZ	1000000	1200000	superscaffold26	1000000	1200000	188714	75953	1157048	1200000	178232	72052
ChrZ	1200000	1400000	superscaffold26	1200000	1400000	188759	86399	1200000	1400000	188759	86399
ChrZ	1400000	1600000	superscaffold26	1400000	1600000	177338	79032	1400000	1425336	21432	9107
ChrZ	1600000	1800000	superscaffold26	1600000	1800000	181785	80892	1651766	1800000	135609	60590
ChrZ	1800000	2000000	superscaffold26	1800000	2000000	187767	77836	1800000	2000000	187767	77836
ChrZ	2000000	2200000	superscaffold26	2000000	2200000	178993	75581	2113531	2200000	161211	67995
ChrZ	2200000	2400000	superscaffold26	2200000	2400000	188545	81624	2200000	2400000	188545	81624
ChrZ	2400000	2600000	superscaffold26	2400000	2600000	188356	78672	2400000	2600000	188356	78672
ChrZ	2600000	2800000	superscaffold26	2600000	2800000	189552	83677	2756666	2800000	189552	83677
ChrZ	2800000	3000000	superscaffold26	2800000	3000000	187365	86618	2800000	3000000	187365	86618
ChrZ	3000000	3200000	superscaffold26	3000000	3200000	182776	83199	3113913	3200000	179619	81784
ChrZ	3200000	3400000	superscaffold26	3200000	3400000	188020	87071	3394182	3400000	112047	52253
ChrZ	3400000	3600000	superscaffold26	3400000	3600000	187272	82517	3518158	3572620	164442	73487
ChrZ	3600000	3800000	superscaffold26	3600000	3800000	186920	74712	0	0	0	0
ChrZ	3800000	4000000	superscaffold26	3800000	4000000	169131	82983	3885051	3914943	89059	43911
ChrZ	4000000	4200000	superscaffold26	4000000	4200000	187249	90208	4086795	4200000	105650	52367
ChrZ	4200000	4400000	superscaffold26	4200000	4400000	185708	90335	4371228	4400000	178560	86627
ChrZ	4400000	4600000	superscaffold26	4400000	4600000	191504	83450	4450644	4600000	153446	68496
ChrZ	4600000	4800000	superscaffold26	4600000	4800000	182113	78649	4652514	4721742	136292	59104
ChrZ	4800000	5000000	superscaffold26	4800000	5000000	190496	81848	4831803	4989413	153259	65991
ChrZ	5000000	5200000	superscaffold26	5000000	5200000	183800	81466	5104652	5149683	65108	30786
ChrZ	5200000	5400000	superscaffold26	5200000	5400000	193624	84646	5382595	5400000	81686	36334
ChrZ	5400000	5600000	superscaffold26	5400000	5600000	189355	79083	5400000	5600000	189355	79083
ChrZ	5600000	5800000	superscaffold26	5600000	5800000	187795	78356	5600000	5729228	122401	50001
ChrZ	5800000	6000000	superscaffold26	5800000	6000000	184045	83079	5808140	6000000	175991	79454
ChrZ	6000000	6200000	superscaffold26	6000000	6200000	188106	75617	6014088	6200000	188106	75617
ChrZ	6200000	6400000	superscaffold26	6200000	6400000	189751	73364	6350745	6400000	189751	73364
ChrZ	6400000	6600000	superscaffold26	6400000	6600000	177618	66017	6591020	6600000	172079	63977
ChrZ	6600000	6800000	superscaffold26	6600000	6800000	180174	66599	6794452	6800000	180174	66599
ChrZ	6800000	7000000	superscaffold26	6800000	7000000	188014	73099	6880611	7000000	188014	73099
ChrZ	7000000	7200000	superscaffold26	7000000	7200000	187286	72645	7172288	7200000	122370	49134
ChrZ	7200000	7400000	superscaffold26	7200000	7400000	186559	75183	7291459	7400000	186559	75183
ChrZ	7400000	7600000	superscaffold26	7400000	7600000	184678	71166	7446537	7600000	184678	71166
ChrZ	7600000	7800000	superscaffold26	7600000	7800000	179835	69452	7696432	7767520	179835	69452
ChrZ	7800000	8000000	superscaffold26	7800000	8000000	182366	69840	7814289	8000000	182366	69840
ChrZ	8000000	8200000	superscaffold26	8000000	8200000	179832	67934	8000000	8200000	179832	67934
ChrZ	8200000	8400000	superscaffold26	8200000	8400000	183788	68270	8200000	8400000	183788	68270
ChrZ	8400000	8600000	superscaffold26	8400000	8600000	183347	69935	8588131	8600000	183347	69935
ChrZ	8600000	8800000	superscaffold26	8600000	8800000	176177	66420	8782535	8800000	176177	66420
ChrZ	8800000	9000000	superscaffold26	8800000	9000000	187106	72483	8800000	9000000	187106	72483
ChrZ	9000000	9200000	superscaffold26	9000000	9200000	183275	73828	9000000	9200000	183275	73828
ChrZ	9200000	9400000	superscaffold26	9200000	9400000	190711	79179	9200000	9400000	190711	79179
ChrZ	9400000	9600000	superscaffold26	9400000	9600000	189897	79911	9568073	9600000	189897	79911
ChrZ	9600000	9800000	superscaffold26	9600000	9800000	189069	82126	9600000	9764823	156083	67448
ChrZ	9800000	10000000	superscaffold26	9800000	10000000	187484	78848	9848755	10000000	142644	59149
ChrZ	10000000	10200000	superscaffold26	10000000	10200000	186163	78297	10163167	10193281	149637	61702
ChrZ	10200000	10400000	superscaffold26	10200000	10400000	179930	84517	10370754	10400000	125804	58200
ChrZ	10400000	10600000	superscaffold26	10400000	10600000	184932	75195	10562115	10568514	128905	51993
ChrZ	10600000	10800000	superscaffold26	10600000	10800000	180828	82450	10612669	10786903	164957	75727
ChrZ	10800000	11000000	superscaffold26	10800000	11000000	156129	76943	10956098	11000000	65812	36544
ChrZ	11000000	11200000	superscaffold26	11000000	11200000	178094	87954	11000000	11200000	178094	87954
ChrZ	11200000	11400000	superscaffold26	11200000	11400000	176316	93356	11200000	11378581	163377	85695
ChrZ	11400000	11600000	superscaffold26	11400000	11600000	165959	93506	11522878	11553711	120761	67482
ChrZ	11600000	11800000	superscaffold26	11600000	11800000	174099	93038	11734577	11800000	114030	61418
ChrZ	11800000	12000000	superscaffold26	11800000	12000000	190080	80475	11824695	11971482	158519	66793
ChrZ	12000000	12200000	superscaffold26	12000000	12200000	186143	86142	12179583	12200000	109149	51170
ChrZ	12200000	12400000	superscaffold26	12200000	12400000	55117	30757	12213778	12372346	38856	21726
ChrZ	12400000	12600000	superscaffold26	12400000	12600000	161315	87881	12555089	12584512	90583	49830
ChrZ	12600000	12800000	superscaffold26	12600000	12800000	181648	79292	12699952	12800000	145142	63401
ChrZ	12800000	13000000	superscaffold26	12800000	13000000	191696	86037	12958068	13000000	72085	32563
ChrZ	13000000	13200000	superscaffold26	13000000	13200000	186918	74334	13176634	13199102	130728	53274
ChrZ	13200000	13400000	superscaffold26	13200000	13400000	193242	77455	13210394	13400000	182916	73641
ChrZ	13400000	13600000	superscaffold26	13400000	13600000	183680	75174	13525391	13600000	136496	56163
ChrZ	13600000	13800000	superscaffold26	13600000	13800000	185353	75838	13772762	13786866	141553	58274
ChrZ	13800000	14000000	superscaffold26	13800000	14000000	191201	80435	13801072	13919623	137796	59469
ChrZ	14000000	14200000	superscaffold26	14000000	14200000	185691	69151	14123764	14177763	134669	50054
ChrZ	14200000	14400000	superscaffold26	14200000	14400000	181518	69271	14365473	14374585	74540	29874
ChrZ	14400000	14600000	superscaffold26	14400000	14600000	188787	72517	14459104	14576019	134287	51555
ChrZ	14600000	14800000	superscaffold26	14600000	14800000	177609	66421	14636920	14680943	144758	53635
ChrZ	14800000	15000000	superscaffold26	14800000	15000000	190675	68901	14908071	14924573	98272	35766
ChrZ	15000000	15200000	superscaffold26	15000000	15200000	185044	70814	15174231	15200000	54342	22171
ChrZ	15200000	15400000	superscaffold26	15200000	15400000	188598	77764	15312334	15357802	149131	61565
ChrZ	15400000	15600000	superscaffold26	15400000	15600000	183979	76061	15457649	15486644	129936	53447
ChrZ	15600000	15800000	superscaffold26	15600000	15800000	184845	69562	15604883	15791450	171613	64302
ChrZ	15800000	16000000	superscaffold26	15800000	16000000	188823	74538	15906491	16000000	174537	68795
ChrZ	16000000	16200000	superscaffold26	16000000	16200000	189985	74035	16106221	16200000	189985	74035
ChrZ	16200000	16400000	superscaffold26	16200000	16400000	183379	69334	16380005	16391373	124897	47690
ChrZ	16400000	16600000	superscaffold26	16400000	16600000	189070	76934	16414701	16578315	174495	71030
ChrZ	16600000	16800000	superscaffold26	16600000	16800000	134065	52684	16761475	16777781	63385	25866
ChrZ	16800000	17000000	superscaffold26	16800000	17000000	189753	73943	16800000	17000000	189753	73943
ChrZ	17000000	17200000	superscaffold26	17000000	17200000	184595	71694	17173264	17200000	137173	53295
ChrZ	17200000	17400000	superscaffold26	17200000	17400000	186411	70899	17311868	17400000	104518	40116
ChrZ	17400000	17600000	superscaffold26	17400000	17600000	187287	71189	17536422	17600000	131982	50249
ChrZ	17600000	17800000	superscaffold26	17600000	17800000	182752	69607	17772914	17800000	176261	67128
ChrZ	17800000	18000000	superscaffold26	17800000	18000000	179780	65826	17800000	17875170	68603	25748
ChrZ	18000000	18200000	superscaffold26	18000000	18200000	186530	67855	18066262	18129598	125703	45982
ChrZ	18200000	18400000	superscaffold26	18200000	18400000	191161	72207	18366560	18400000	128385	48750
ChrZ	18400000	18600000	superscaffold26	18400000	18600000	188863	70880	18400000	18600000	188863	70880
ChrZ	18600000	18800000	superscaffold26	18600000	18800000	185419	68837	18727885	18786363	176041	64768
ChrZ	18800000	19000000	superscaffold26	18800000	19000000	179789	65470	18839718	18947729	179788	65470
ChrZ	19000000	19200000	superscaffold26	19000000	19200000	190155	68709	19000000	19200000	190155	68709
ChrZ	19200000	19400000	superscaffold26	19200000	19400000	191356	73098	19309248	19342621	99384	37671
ChrZ	19400000	19600000	superscaffold26	19400000	19600000	188098	72232	19531357	19579048	158412	60985
ChrZ	19600000	19800000	superscaffold26	19600000	19800000	192021	71390	19604482	19670774	175436	65486
ChrZ	19800000	20000000	superscaffold26	19800000	20000000	186148	72266	19904917	19953218	184748	71702
ChrZ	20000000	20200000	superscaffold26	20000000	20200000	191350	77534	20172866	20200000	172113	69802
ChrZ	20200000	20400000	superscaffold26	20200000	20400000	187895	72705	20334250	20389491	67314	27519
ChrZ	20400000	20600000	superscaffold26	20400000	20600000	187902	72417	20563838	20600000	110298	42733
ChrZ	20600000	20800000	superscaffold26	20600000	20800000	184708	75828	20681780	20798608	153962	63518
ChrZ	20800000	21000000	superscaffold26	20800000	21000000	188959	74414	20968388	20975282	150875	60408
ChrZ	21000000	21200000	superscaffold26	21000000	21200000	190106	76181	21057083	21200000	173397	69953
ChrZ	21200000	21400000	superscaffold26	21200000	21400000	187858	74487	21340287	21400000	187858	74487
ChrZ	21400000	21600000	superscaffold26	21400000	21600000	185405	72925	21559493	21595195	180599	70958
ChrZ	21600000	21800000	superscaffold26	21600000	21800000	189045	74940	21752040	21788225	177514	70463
ChrZ	21800000	22000000	superscaffold26	21800000	22000000	190455	71010	21896968	22000000	188650	70325
ChrZ	22000000	22200000	superscaffold26	22000000	22200000	187042	66308	22000000	22200000	187042	66308
ChrZ	22200000	22400000	superscaffold26	22200000	22400000	180571	66591	22362468	22400000	180571	66591
ChrZ	22400000	22600000	superscaffold26	22400000	22600000	181978	67464	22581811	22600000	109788	41454
ChrZ	22600000	22800000	superscaffold26	22600000	22800000	188400	75144	22786971	22800000	139060	55654
ChrZ	22800000	23000000	superscaffold26	22800000	23000000	185487	77427	22800000	23000000	185487	77427
ChrZ	23000000	23200000	superscaffold26	23000000	23200000	189287	68477	23185979	23200000	64773	24431
ChrZ	23200000	23400000	superscaffold26	23200000	23400000	192414	75107	23380088	23400000	192414	75107
ChrZ	23400000	23600000	superscaffold26	23400000	23600000	191118	76366	23557496	23600000	191118	76366
ChrZ	23600000	23800000	superscaffold26	23600000	23800000	180508	68569	23600000	23762027	145079	55236
ChrZ	23800000	24000000	superscaffold26	23800000	24000000	187157	68527	23827945	23989158	173265	63342
ChrZ	24000000	24200000	superscaffold26	24000000	24200000	186081	67591	24197538	24200000	33397	12916
ChrZ	24200000	24400000	superscaffold26	24200000	24400000	185771	69050	24332608	24400000	94315	35548
ChrZ	24400000	24600000	superscaffold26	24400000	24600000	189133	70343	24534439	24600000	113499	42961
ChrZ	24600000	24800000	superscaffold26	24600000	24800000	186207	72884	24600000	24800000	186207	72884
ChrZ	24800000	25000000	superscaffold26	24800000	25000000	191375	77460	24957677	25000000	125802	52003
ChrZ	25000000	25310599	superscaffold26	25000000	25310599	292099	122134	25202130	25310599	292099	122134
ChrZ	25310599	25689844	superscaffold54	16000000	16379243	349053	124421	16271204	16504382	434534	154348
ChrZ	25689842	25889844	superscaffold54	15800000	16000000	189532	81211	15908070	16000000	189532	81211
ChrZ	25889842	26089844	superscaffold54	15600000	15800000	190239	80405	15726881	15730110	89204	38440
ChrZ	26089842	26289844	superscaffold54	15400000	15600000	188249	76320	15553156	15600000	110786	45946
ChrZ	26289842	26489844	superscaffold54	15200000	15400000	191458	71003	15200074	15206615	58191	21914
ChrZ	26489842	26689844	superscaffold54	15000000	15200000	185995	69587	15000000	15157245	147432	55097
ChrZ	26689842	26889844	superscaffold54	14800000	15000000	167124	63951	14948626	15000000	125026	47125
ChrZ	26889842	27089844	superscaffold54	14600000	14800000	189536	70548	14798536	14800000	56453	23016
ChrZ	27089842	27289844	superscaffold54	14400000	14600000	183973	73552	14500553	14600000	158972	64519
ChrZ	27289842	27489844	superscaffold54	14200000	14400000	184985	74866	14277996	14326107	112213	46508
ChrZ	27489842	27689844	superscaffold54	14000000	14200000	191588	80175	14197149	14200000	190033	79563
ChrZ	27689842	27889844	superscaffold54	13800000	14000000	183183	70105	13972351	14000000	105383	40723
ChrZ	27889842	28089844	superscaffold54	13600000	13800000	191733	70926	13627308	13642026	106369	39308
ChrZ	28089842	28289844	superscaffold54	13400000	13600000	189507	73189	13548581	13556768	105295	41979
ChrZ	28289842	28489844	superscaffold54	13200000	13400000	182840	73395	13359640	13395186	130458	52676
ChrZ	28489842	28689844	superscaffold54	13000000	13200000	190702	80820	13131136	13200000	190702	80820
ChrZ	28689842	28889844	superscaffold54	12800000	13000000	188552	76972	12950812	13000000	98340	40998
ChrZ	28889842	29089844	superscaffold54	12600000	12800000	179483	75551	12627193	12724908	167927	70692
ChrZ	29089842	29289844	superscaffold54	12400000	12600000	188837	69472	12586693	12600000	68192	25461
ChrZ	29289842	29489844	superscaffold54	12200000	12400000	192857	77451	12277339	12400000	162210	65270
ChrZ	29489842	29689844	superscaffold54	12000000	12200000	186886	83066	12003750	12133409	119454	55010
ChrZ	29689842	29889844	superscaffold54	11800000	12000000	184975	70009	11921977	11969002	88082	34188
ChrZ	29889842	30089844	superscaffold54	11600000	11800000	189779	72949	11769120	11780459	90633	35408
ChrZ	30089842	30289844	superscaffold54	11400000	11600000	185088	71087	11464655	11600000	161341	61279
ChrZ	30289842	30489844	superscaffold54	11200000	11400000	190513	70710	11384009	11387742	33389	13024
ChrZ	30489842	30689844	superscaffold54	11000000	11200000	178860	67891	11086274	11200000	104704	40022
ChrZ	30689842	30889844	superscaffold54	10800000	11000000	191457	75587	10990206	10993727	185034	73022
ChrZ	30889842	31089844	superscaffold54	10600000	10800000	190699	74767	10600000	10800000	190699	74767
ChrZ	31089842	31289844	superscaffold54	10400000	10600000	184847	68613	10455364	10598638	184736	68564
ChrZ	31289842	31489844	superscaffold54	10200000	10400000	33927	13479	10200000	10400000	33927	13479
ChrZ	31489842	31689844	superscaffold54	10000000	10200000	189305	72880	10188171	10200000	120990	46762
ChrZ	31689842	31889844	superscaffold54	9800000	10000000	192033	71001	9867399	9932615	127981	47167
ChrZ	31889842	32089844	superscaffold54	9600000	9800000	188635	70717	9600000	9800000	188635	70717
ChrZ	32089842	32289844	superscaffold54	9400000	9600000	187993	66516	9425855	9586457	187993	66516
ChrZ	32289842	32489844	superscaffold54	9200000	9400000	192811	69325	9308771	9400000	192811	69325
ChrZ	32489842	32689844	superscaffold54	9000000	9200000	190751	68860	9186584	9200000	190751	68860
ChrZ	32689842	32889844	superscaffold54	8800000	9000000	187927	70156	8937326	9000000	187927	70156
ChrZ	32889842	33089844	superscaffold54	8600000	8800000	186376	69306	8748328	8800000	133911	50490
ChrZ	33089842	33289844	superscaffold54	8400000	8600000	190785	76035	8400000	8600000	190785	76035
ChrZ	33289842	33489844	superscaffold54	8200000	8400000	185386	69084	8382279	8400000	160522	60406
ChrZ	33489842	33689844	superscaffold54	8000000	8200000	186589	70867	8154146	8200000	159976	60996
ChrZ	33689842	33889844	superscaffold54	7800000	8000000	190932	73987	7800000	8000000	190932	73987
ChrZ	33889842	34089844	superscaffold54	7600000	7800000	190742	72896	7619082	7800000	190742	72896
ChrZ	34089842	34289844	superscaffold54	7400000	7600000	191480	75703	7417867	7600000	178946	71026
ChrZ	34289842	34489844	superscaffold54	7200000	7400000	190677	68300	7399193	7400000	187652	67131
ChrZ	34489842	34689844	superscaffold54	7000000	7200000	189119	73189	7035484	7200000	178230	69068
ChrZ	34689842	34889844	superscaffold54	6800000	7000000	190645	69027	6800000	7000000	190645	69027
ChrZ	34889842	35089844	superscaffold54	6600000	6800000	190190	69470	6600000	6800000	190190	69470
ChrZ	35089842	35289844	superscaffold54	6400000	6600000	190414	70604	6400000	6600000	190414	70604
ChrZ	35289842	35489844	superscaffold54	6200000	6400000	187558	71951	6251864	6400000	187558	71951
ChrZ	35489842	35689844	superscaffold54	6000000	6200000	166603	68148	6065016	6200000	135350	55472
ChrZ	35689842	35889844	superscaffold54	5800000	6000000	190238	70967	0	0	0	0
ChrZ	35889842	36089844	superscaffold54	5600000	5800000	186242	65406	5716151	5782984	140361	49346
ChrZ	36089842	36289844	superscaffold54	5400000	5600000	192572	70123	5469623	5531695	75549	27425
ChrZ	36289842	36489844	superscaffold54	5200000	5400000	191856	72223	5220712	5265217	62387	23832
ChrZ	36489842	36689844	superscaffold54	5000000	5200000	186641	74234	5158856	5200000	101642	40587
ChrZ	36689842	36889844	superscaffold54	4800000	5000000	190311	73772	4812241	4952043	156372	61559
ChrZ	36889842	37089844	superscaffold54	4600000	4800000	194476	78301	4722538	4800000	164522	66716
ChrZ	37089842	37289844	superscaffold54	4400000	4600000	193423	76084	4472911	4530939	105412	42070
ChrZ	37289842	37489844	superscaffold54	4200000	4400000	189436	73928	4364030	4367434	144158	55976
ChrZ	37489842	37689844	superscaffold54	4000000	4200000	188408	74775	4031942	4200000	188408	74775
ChrZ	37689842	37889844	superscaffold54	3800000	4000000	186092	76766	3830562	4000000	172850	70946
ChrZ	37889842	38089844	superscaffold54	3600000	3800000	188999	70934	3788554	3800000	140836	53278
ChrZ	38089842	38289844	superscaffold54	3400000	3600000	190507	70896	3400000	3600000	190507	70896
ChrZ	38289842	38489844	superscaffold54	3200000	3400000	188685	71165	3348354	3400000	188685	71165
ChrZ	38489842	38689844	superscaffold54	3000000	3200000	189923	75633	3104758	3192873	136442	53965
ChrZ	38689842	38889844	superscaffold54	2800000	3000000	191706	71715	2800000	3000000	191706	71715
ChrZ	38889842	39089844	superscaffold54	2600000	2800000	191664	74404	2756550	2800000	187085	72713
ChrZ	39089842	39289844	superscaffold54	2400000	2600000	187519	71174	2530421	2600000	92185	35555
ChrZ	39289842	39489844	superscaffold54	2200000	2400000	193915	72979	2347394	2368346	121700	46229
ChrZ	39489842	39689844	superscaffold54	2000000	2200000	191130	71402	2016565	2109467	191130	71402
ChrZ	39689842	39889844	superscaffold54	1800000	2000000	193244	72971	1800000	2000000	193244	72971
ChrZ	39889842	40089844	superscaffold54	1600000	1800000	188645	68820	1735653	1800000	188645	68820
ChrZ	40089842	40289844	superscaffold54	1400000	1600000	189559	69180	1552497	1600000	189559	69180
ChrZ	40289842	40489844	superscaffold54	1200000	1400000	192167	70605	1200000	1400000	192167	70605
ChrZ	40489842	40689844	superscaffold54	1000000	1200000	192014	72331	1000000	1200000	192014	72331
ChrZ	40689842	40889844	superscaffold54	800000	1000000	192872	77225	845701	1000000	156518	62570
ChrZ	40889842	41089844	superscaffold54	600000	800000	188900	75541	600000	800000	188900	75541
ChrZ	41089842	41289844	superscaffold54	400000	600000	193006	72161	554294	600000	43997	17409
ChrZ	41289842	41489844	superscaffold54	200000	400000	184353	65793	219929	279383	70648	26169
ChrZ	41489842	41689844	superscaffold54	0	200000	184246	66248	168635	200000	38733	14451
ChrZ	41689842	41889842	superscaffold35	0	200000	178832	67148	63223	200000	160738	60456
ChrZ	41889842	42089842	superscaffold35	200000	400000	187593	69996	293577	400000	102246	39488
ChrZ	42089842	42289842	superscaffold35	400000	600000	188400	72338	400000	600000	188400	72338
ChrZ	42289842	42489842	superscaffold35	600000	800000	180796	71041	710355	800000	141874	56709
ChrZ	42489842	42689842	superscaffold35	800000	1000000	189109	76383	993476	1000000	161593	65040
ChrZ	42689842	42889842	superscaffold35	1000000	1200000	193127	77774	1000000	1135368	129853	51995
ChrZ	42889842	43089842	superscaffold35	1200000	1400000	186083	72195	1217540	1371724	143036	55669
ChrZ	43089842	43289842	superscaffold35	1400000	1600000	191976	75737	1436352	1450866	58234	22687
ChrZ	43289842	43489842	superscaffold35	1600000	1800000	191229	74172	1769653	1800000	65956	26405
ChrZ	43489842	43689842	superscaffold35	1800000	2000000	186613	74923	1883330	2000000	186613	74923
ChrZ	43689842	43889842	superscaffold35	2000000	2200000	195012	79145	2119752	2200000	122785	50142
ChrZ	43889842	44089842	superscaffold35	2200000	2400000	191344	78542	2380414	2400000	131636	55071
ChrZ	44089842	44289842	superscaffold35	2400000	2600000	188868	78665	2481797	2550921	146652	62910
ChrZ	44289842	44489842	superscaffold35	2600000	2800000	192029	75890	2712910	2800000	142260	57015
ChrZ	44489842	44689842	superscaffold35	2800000	3000000	189616	79982	2917748	3000000	128277	54633
ChrZ	44689842	44889842	superscaffold35	3000000	3200000	194476	81886	3000000	3200000	194476	81886
ChrZ	44889842	45089842	superscaffold35	3200000	3400000	190025	74545	3200000	3400000	190025	74545
ChrZ	45089842	45289842	superscaffold35	3400000	3600000	192600	72528	3400000	3600000	192600	72528
ChrZ	45289842	45489842	superscaffold35	3600000	3800000	194256	75275	3785269	3800000	133112	52492
ChrZ	45489842	45689842	superscaffold35	3800000	4000000	190781	72731	3920482	3988388	125089	48531
ChrZ	45689842	45889842	superscaffold35	4000000	4200000	192110	74379	4068192	4200000	136903	53497
ChrZ	45889842	46089842	superscaffold35	4200000	4400000	185235	70426	4294404	4400000	185235	70426
ChrZ	46089842	46315381	superscaffold35	4400000	4625539	217672	83392	4470343	4625539	216913	82954
ChrZ	46315381	46709558	superscaffold36	9000000	9394175	371893	139901	9231755	9394175	291506	109414
ChrZ	46709556	46909558	superscaffold36	8800000	9000000	192447	75524	8870330	8992987	162535	64070
ChrZ	46909556	47109558	superscaffold36	8600000	8800000	188164	76999	8793155	8800000	90515	37595
ChrZ	47109556	47309558	superscaffold36	8400000	8600000	191997	70496	8497243	8552046	112328	41946
ChrZ	47309556	47509558	superscaffold36	8200000	8400000	194281	76622	8200000	8400000	194281	76622
ChrZ	47509556	47709558	superscaffold36	8000000	8200000	190270	75846	8105708	8200000	163818	64594
ChrZ	47709556	47909558	superscaffold36	7800000	8000000	190963	77650	7800000	7944649	137173	55517
ChrZ	47909556	48109558	superscaffold36	7600000	7800000	188901	75883	7624761	7800000	188901	75883
ChrZ	48109556	48309558	superscaffold36	7400000	7600000	191003	76003	7400000	7600000	191003	76003
ChrZ	48309556	48509558	superscaffold36	7200000	7400000	195302	78879	7257467	7400000	165660	67194
ChrZ	48509556	48709558	superscaffold36	7000000	7200000	191671	78074	7046929	7108378	164462	66479
ChrZ	48709556	48909558	superscaffold36	6800000	7000000	191790	76606	6976256	7000000	99431	40486
ChrZ	48909556	49109558	superscaffold36	6600000	6800000	187494	71928	6600000	6800000	187494	71928
ChrZ	49109556	49309558	superscaffold36	6400000	6600000	190001	72618	6567770	6600000	30380	11585
ChrZ	49309556	49509558	superscaffold36	6200000	6400000	187992	69917	6298633	6389645	134089	50470
ChrZ	49509556	49709558	superscaffold36	6000000	6200000	191678	73992	6155008	6189408	121359	46929
ChrZ	49709556	49909558	superscaffold36	5800000	6000000	188943	73418	5912239	5918472	108905	43304
ChrZ	49909556	50109558	superscaffold36	5600000	5800000	191845	74878	5717316	5800000	190285	74204
ChrZ	50109556	50309558	superscaffold36	5400000	5600000	195153	78089	5400000	5600000	195153	78089
ChrZ	50309556	50509558	superscaffold36	5200000	5400000	189725	77297	5239305	5369547	183940	74925
ChrZ	50509556	50709558	superscaffold36	5000000	5200000	190435	74545	5001913	5139049	166269	65651
ChrZ	50709556	50909558	superscaffold36	4800000	5000000	189125	76013	4831322	4868342	128050	51945
ChrZ	50909556	51109558	superscaffold36	4600000	4800000	190420	76132	4638573	4731182	94214	39925
ChrZ	51109556	51309558	superscaffold36	4400000	4600000	186443	73676	4517105	4600000	185846	73416
ChrZ	51309556	51509558	superscaffold36	4200000	4400000	193064	80898	4200000	4400000	193064	80898
ChrZ	51509556	51709558	superscaffold36	4000000	4200000	189706	80786	4135067	4200000	169297	72554
ChrZ	51709556	51909558	superscaffold36	3800000	4000000	191119	77308	3995988	4000000	167153	68196
ChrZ	51909556	52109558	superscaffold36	3600000	3800000	188277	72815	3687618	3800000	177907	69021
ChrZ	52109556	52309558	superscaffold36	3400000	3600000	175575	66071	3511983	3600000	155468	58840
ChrZ	52309556	52509558	superscaffold36	3200000	3400000	179817	66382	3200000	3400000	179817	66382
ChrZ	52509556	52709558	superscaffold36	3000000	3200000	183261	66318	3000000	3200000	183261	66318
ChrZ	52709556	52909558	superscaffold36	2800000	3000000	179221	63134	2980293	3000000	144116	50694
ChrZ	52909556	53109558	superscaffold36	2600000	2800000	178132	62805	2605633	2720549	105617	37608
ChrZ	53109556	53309558	superscaffold36	2400000	2600000	184214	64981	2482065	2523719	184214	64981
ChrZ	53309556	53509558	superscaffold36	2200000	2400000	183396	65537	2336238	2400000	183396	65537
ChrZ	53509556	53709558	superscaffold36	2000000	2200000	130016	48587	2000000	2200000	130016	48587
ChrZ	53709556	53909558	superscaffold36	1800000	2000000	144278	57538	1910090	2000000	139389	55463
ChrZ	53909556	54109558	superscaffold36	1600000	1800000	94489	35496	1792679	1800000	77255	29106
ChrZ	54109556	54309558	superscaffold36	1400000	1600000	0	0	1400000	1600000	0	0
ChrZ	54309556	54509558	superscaffold36	1200000	1400000	0	0	1200000	1400000	0	0
ChrZ	54509556	54709558	superscaffold36	1000000	1200000	128717	48414	1099213	1200000	35062	13086
ChrZ	54709556	54909558	superscaffold36	800000	1000000	186353	74147	915246	921179	96986	38859
ChrZ	54909556	55109558	superscaffold36	600000	800000	138887	56163	600000	798007	136916	55448
ChrZ	55109556	55309558	superscaffold36	400000	600000	130507	53547	400000	600000	130507	53547
ChrZ	55309556	55509558	superscaffold36	200000	400000	185798	71658	362455	400000	107608	42712
ChrZ	55509556	55709558	superscaffold36	0	200000	164586	64244	102953	200000	164586	64244
ChrZ	55709556	55909556	superscaffold62	0	200000	172872	65579	196348	200000	98177	37751
ChrZ	55909556	56109556	superscaffold62	200000	400000	188357	72362	359932	400000	112520	43344
ChrZ	56109556	56309556	superscaffold62	400000	600000	54878	20664	457178	600000	41152	15682
ChrZ	56309556	56509556	superscaffold62	600000	800000	147559	57417	726618	800000	147559	57417
ChrZ	56509556	56709556	superscaffold62	800000	1000000	184275	71075	937870	1000000	115160	45029
ChrZ	56709556	56909556	superscaffold62	1000000	1200000	148287	56816	1014882	1086579	148277	56812
ChrZ	56909556	57109556	superscaffold62	1200000	1400000	56205	21108	1200000	1400000	56205	21108
ChrZ	57109556	57309556	superscaffold62	1400000	1600000	182873	70317	1557862	1600000	118292	44837
ChrZ	57309556	57509556	superscaffold62	1600000	1800000	153758	59504	1600000	1800000	153758	59504
ChrZ	57509556	57709556	superscaffold62	1800000	2000000	0	0	1800000	2000000	0	0
ChrZ	57709556	57909556	superscaffold62	2000000	2200000	0	0	2000000	2200000	0	0
ChrZ	57909556	58109556	superscaffold62	2200000	2400000	148841	54650	2395837	2400000	104945	38622
ChrZ	58109556	58309556	superscaffold62	2400000	2600000	184863	67544	2509228	2600000	99681	37578
ChrZ	58309556	58626847	superscaffold62	2600000	2917291	299613	116881	2689198	2814628	180354	71008
ChrZ	58626847	58826847	superscaffold67	0	200000	172590	65536	164259	200000	110876	42877
ChrZ	58826847	59026847	superscaffold67	200000	400000	184507	71175	200000	400000	184507	71175
ChrZ	59026847	59226847	superscaffold67	400000	600000	186830	75262	400000	600000	186830	75262
ChrZ	59226847	59426847	superscaffold67	600000	800000	123459	47573	704722	800000	92394	35880
ChrZ	59426847	59626847	superscaffold67	800000	1000000	0	0	800000	1000000	0	0
ChrZ	59626847	59826847	superscaffold67	1000000	1200000	0	0	1000000	1200000	0	0
ChrZ	59826847	60026847	superscaffold67	1200000	1400000	0	0	1200000	1400000	0	0
ChrZ	60026847	60226847	superscaffold67	1400000	1600000	0	0	1400000	1600000	0	0
ChrZ	60226847	60426847	superscaffold67	1600000	1800000	0	0	1600000	1800000	0	0
ChrZ	60426847	60626847	superscaffold67	1800000	2000000	77144	30269	1800000	2000000	77144	30269
ChrZ	60626847	60826847	superscaffold67	2000000	2200000	183993	68928	2000000	2200000	183993	68928
ChrZ	60826847	61026847	superscaffold67	2200000	2400000	10120	3681	2200000	2400000	10120	3681
ChrZ	61026847	61226847	superscaffold67	2400000	2600000	70831	27595	2598987	2600000	9871	3824
ChrZ	61226847	61426847	superscaffold67	2600000	2800000	183062	70471	2715506	2793603	151717	58707
ChrZ	61426847	61626847	superscaffold67	2800000	3000000	185300	72318	2957395	2970848	84580	32929
ChrZ	61626847	61826847	superscaffold67	3000000	3200000	193440	77043	3019639	3200000	173928	69287
ChrZ	61826847	62026847	superscaffold67	3200000	3400000	174193	70710	3258999	3400000	155524	63515
ChrZ	62026847	62226847	superscaffold67	3400000	3600000	182647	73561	3500867	3600000	170517	68411
ChrZ	62226847	62426847	superscaffold67	3600000	3800000	179533	68387	3600000	3740812	123673	47442
ChrZ	62426847	62626847	superscaffold67	3800000	4000000	187260	75075	3839969	3954627	136911	55463
ChrZ	62626847	62826847	superscaffold67	4000000	4200000	188323	73207	4177503	4200000	67035	26457
ChrZ	62826847	63026847	superscaffold67	4200000	4400000	184532	73881	4364370	4400000	126362	50294
ChrZ	63026847	63226847	superscaffold67	4400000	4600000	186566	71622	4400000	4600000	186566	71622
ChrZ	63226847	63426847	superscaffold67	4600000	4800000	180864	67969	4600000	4800000	180864	67969
ChrZ	63426847	63626847	superscaffold67	4800000	5000000	187582	72382	4981131	5000000	141127	54853
ChrZ	63626847	63927107	superscaffold67	5000000	5300260	279070	100742	5000000	5300260	279070	100742
ChrZ	63927107	64127107	superscaffold69-1	0	200000	193128	75128	110631	200000	136628	53510
ChrZ	64127107	64327107	superscaffold69-1	200000	400000	180475	70752	378048	397313	177828	69710
ChrZ	64327107	64527107	superscaffold69-1	400000	600000	189061	73458	578022	600000	105790	40775
ChrZ	64527107	64727107	superscaffold69-1	600000	800000	179475	67259	728103	800000	179475	67259
ChrZ	64727107	64927107	superscaffold69-1	800000	1000000	185002	68074	825149	1000000	185002	68074
ChrZ	64927107	65127107	superscaffold69-1	1000000	1200000	178463	65055	1174341	1200000	178463	65055
ChrZ	65127107	65327107	superscaffold69-1	1200000	1400000	182244	66454	1369126	1400000	182244	66454
ChrZ	65327107	65527107	superscaffold69-1	1400000	1600000	180523	63303	1454125	1600000	180523	63303
ChrZ	65527107	65727107	superscaffold69-1	1600000	1800000	187652	65311	1600000	1800000	187652	65311
ChrZ	65727107	65927107	superscaffold69-1	1800000	2000000	175717	61713	1800000	2000000	175717	61713
ChrZ	65927107	66127107	superscaffold69-1	2000000	2200000	180280	64348	2152057	2200000	180280	64348
ChrZ	66127107	66327107	superscaffold69-1	2200000	2400000	188973	66686	2200000	2351912	142251	50129
ChrZ	66327107	66527107	superscaffold69-1	2400000	2600000	188159	68671	2566565	2600000	29186	11373
ChrZ	66527107	66727107	superscaffold69-1	2600000	2800000	182710	71509	2600000	2800000	182710	71509
ChrZ	66727107	66927107	superscaffold69-1	2800000	3000000	189714	72670	2800000	2929363	122351	48487
ChrZ	66927107	67127107	superscaffold69-1	3000000	3200000	179764	63357	3054750	3200000	130400	45929
ChrZ	67127107	67327107	superscaffold69-1	3200000	3400000	178508	66294	3347157	3400000	82423	31264
ChrZ	67327107	67527107	superscaffold69-1	3400000	3600000	178904	66967	3587369	3600000	113028	42256
ChrZ	67527107	67727107	superscaffold69-1	3600000	3800000	185293	70688	3790569	3800000	138913	53554
ChrZ	67727107	67927107	superscaffold69-1	3800000	4000000	181201	72426	3980054	4000000	142907	56479
ChrZ	67927107	68127107	superscaffold69-1	4000000	4200000	163643	70404	4160947	4170313	131657	57434
ChrZ	68127107	68327107	superscaffold69-1	4200000	4400000	193123	79032	4204357	4400000	189449	77644
ChrZ	68327107	68527107	superscaffold69-1	4400000	4600000	187286	79480	4554670	4600000	135587	57183
ChrZ	68527107	68727107	superscaffold69-1	4600000	4800000	188278	81242	4791917	4800000	79680	35706
ChrZ	68727107	68927107	superscaffold69-1	4800000	5000000	189292	74512	4939292	5000000	102734	39446
ChrZ	68927107	69127107	superscaffold69-1	5000000	5200000	185158	77958	5085073	5187843	166587	71054
ChrZ	69127107	69327107	superscaffold69-1	5200000	5400000	175509	68209	5231865	5253428	110153	43834
ChrZ	69327107	69527107	superscaffold69-1	5400000	5600000	187210	80179	5491023	5527891	144992	62035
ChrZ	69527107	69905625	superscaffold69-1	5600000	5978518	364037	148611	5743558	5978518	343815	140053
ChrZ	69905625	70105625	superscaffold93	0	200000	181816	71673	0	200000	181816	71673
ChrZ	70105625	70305625	superscaffold93	200000	400000	145514	60006	358639	400000	97541	39608
ChrZ	70305625	70505625	superscaffold93	400000	600000	120426	47466	400000	600000	120426	47466
ChrZ	70505625	70705625	superscaffold93	600000	800000	179874	68115	736352	800000	179874	68115
ChrZ	70705625	70905625	superscaffold93	800000	1000000	182075	66842	973049	1000000	182075	66842
ChrZ	70905625	71105625	superscaffold93	1000000	1200000	176992	64263	1165362	1200000	176992	64263
ChrZ	71105625	71305625	superscaffold93	1200000	1400000	184783	68191	1244249	1400000	184783	68191
ChrZ	71305625	71505625	superscaffold93	1400000	1600000	175239	67133	1512706	1600000	175239	67133
ChrZ	71505625	71705625	superscaffold93	1600000	1800000	186054	72971	1600000	1800000	186054	72971
ChrZ	71705625	71905625	superscaffold93	1800000	2000000	184457	79108	1800000	2000000	184457	79108
ChrZ	71905625	72105625	superscaffold93	2000000	2200000	181418	75799	2078321	2174718	136823	58006
ChrZ	72105625	72305625	superscaffold93	2200000	2400000	180870	75116	2351362	2400000	157433	65237
ChrZ	72305625	72505625	superscaffold93	2400000	2600000	182979	75704	2503116	2600000	182979	75704
ChrZ	72505625	72705625	superscaffold93	2600000	2800000	189112	77015	2792149	2800000	103049	44304
ChrZ	72705625	72905625	superscaffold93	2800000	3000000	189262	82664	2999023	3000000	185055	80983
ChrZ	72905625	73105625	superscaffold93	3000000	3200000	184640	84332	3131426	3183451	106359	48577
ChrZ	73105625	73305625	superscaffold93	3200000	3400000	182455	77646	3314624	3400000	182455	77646
ChrZ	73305625	73505625	superscaffold93	3400000	3600000	192702	81940	3400000	3600000	192702	81940
ChrZ	73505625	73705625	superscaffold93	3600000	3800000	188839	84242	3600000	3680860	76195	33401
ChrZ	73705625	73905625	superscaffold93	3800000	4000000	185469	80626	3924650	3935914	132873	58650
ChrZ	73905625	74105625	superscaffold93	4000000	4200000	185062	75709	4197975	4200000	95468	40451
ChrZ	74105625	74305625	superscaffold93	4200000	4400000	190848	81709	4300382	4359979	157703	68070
ChrZ	74305625	74505625	superscaffold93	4400000	4600000	176644	70874	4480561	4600000	116359	47948
ChrZ	74505625	74889216	superscaffold93	4600000	4983591	336503	151445	4959362	4983591	321867	145124
ChrZ	74889216	75089216	superscaffold63	0	200000	172841	78277	145416	191423	107946	48160
ChrZ	75089216	75289216	superscaffold63	200000	400000	174196	81213	373882	400000	96852	46471
ChrZ	75289216	75489216	superscaffold63	400000	600000	174664	75780	543976	564692	89230	40118
ChrZ	75489216	75689216	superscaffold63	600000	800000	180491	77828	712622	771284	82098	36122
ChrZ	75689216	75889216	superscaffold63	800000	1000000	188107	74974	978684	1000000	79700	32678
ChrZ	75889216	76089216	superscaffold63	1000000	1200000	188881	79803	1082391	1197461	118022	51878
ChrZ	76089216	76289216	superscaffold63	1200000	1400000	181647	77537	1347305	1400000	102349	43743
ChrZ	76289216	76582141	superscaffold63	1400000	1692925	277817	113522	1400000	1637877	225473	94386
ChrZ	76582141	76782141	superscaffold88	0	200000	189281	78839	101229	145026	110697	46012
ChrZ	76782141	76982141	superscaffold88	200000	400000	173711	69929	368186	400000	121678	48006
ChrZ	76982141	77206255	superscaffold88	400000	624114	187791	77248	610194	624114	167225	69528
ChrZ	77206255	77406255	superscaffold83	0	200000	173482	74601	164672	200000	134171	57965
ChrZ	77406255	77606255	superscaffold83	200000	400000	174058	76823	200000	400000	174058	76823
ChrZ	77606255	77988761	superscaffold83	400000	782506	303623	128119	586906	782506	263130	112274
ChrZ	77988761	78188761	superscaffold92	0	200000	171403	61346	49573	145246	171403	61346
ChrZ	78188761	78388761	superscaffold92	200000	400000	183331	65564	336063	400000	183331	65564
ChrZ	78388761	78588761	superscaffold92	400000	600000	171951	64263	513428	529095	170094	63379
ChrZ	78588761	78788761	superscaffold92	600000	800000	175912	69260	605339	666974	148603	58480
ChrZ	78788761	78988761	superscaffold92	800000	1000000	186683	71094	997651	1000000	92783	36663
ChrZ	78988761	79188761	superscaffold92	1000000	1200000	187959	71595	1037121	1200000	187959	71595
ChrZ	79188761	79388761	superscaffold92	1200000	1400000	95850	36426	1283921	1400000	95848	36425
ChrZ	79388761	79588761	superscaffold92	1400000	1600000	126386	46710	1400000	1600000	126386	46710
ChrZ	79588761	79788761	superscaffold92	1600000	1800000	185496	72098	1690353	1800000	141743	54914
ChrZ	79788761	79988761	superscaffold92	1800000	2000000	177799	68896	1800000	2000000	177799	68896
ChrZ	79988761	80188761	superscaffold92	2000000	2200000	123730	49630	2000000	2147229	72458	29687
ChrZ	80188761	80388761	superscaffold92	2200000	2400000	182780	69869	2276947	2400000	109073	40806
ChrZ	80388761	80588761	superscaffold92	2400000	2600000	183380	67816	2539338	2600000	93592	35644
ChrZ	80588761	80871604	superscaffold92	2600000	2882843	243556	98906	2648306	2776413	153207	65160
