ChrZ	0	200000	superscaffold26	0	200000	0.776119248946642	0.567156585816026	0.140340984003878	0.0984741228233715	0.910850469816175	24146.6403342779	214552
ChrZ	150000	350000	superscaffold26	150000	350000	0.784793218329766	0.592599224369599	0.140769580376444	0.102409120898573	0.914874563506751	23475.1457981323	186429
ChrZ	300000	500000	superscaffold26	300000	500000	0.804386766058113	0.522298006737553	0.1324964498278	0.0928525512421841	0.920281832012572	23791.2892884609	239256
ChrZ	450000	650000	superscaffold26	450000	650000	0.804376130358544	0.450725000179907	0.113656236671856	0.082961996349078	0.92041920835922	24083.2020984406	416881
ChrZ	600000	800000	superscaffold26	600000	800000	0.804785231937327	0.472804383423211	0.117340257916812	0.0860433826093955	0.921059524767705	22574.7930673678	223638
ChrZ	750000	950000	superscaffold26	750000	950000	0.781499470880172	0.473853597490499	0.116158194062277	0.0856050454459447	0.915549283830271	23340.9894153237	438653
ChrZ	900000	1100000	superscaffold26	900000	1100000	0.783336051353587	0.49191664734042	0.119481689275491	0.0883898352019218	0.914311991387994	23778.9251866569	577798
ChrZ	1050000	1250000	superscaffold26	1050000	1250000	0.795016742485909	0.462930362304373	0.119182684031884	0.0844829905853082	0.917313633641013	23606.1182027614	651110
ChrZ	1200000	1400000	superscaffold26	1200000	1400000	0.819041620442105	0.436762854890024	0.115133990776481	0.0815378521853139	0.924643610925194	23457.5334164611	545345
ChrZ	1350000	1550000	superscaffold26	1350000	1550000	0.79969957784081	0.43674420462708	0.112531226296448	0.0812211726807599	0.919003831793343	23856.2533102233	407903
ChrZ	1500000	1700000	superscaffold26	1500000	1700000	0.822836475935844	0.414747400655138	0.110465858918119	0.0789408596706794	0.925824190860355	23661.3925137992	365419
ChrZ	1650000	1850000	superscaffold26	1650000	1850000	0.778017123838232	0.473412629549182	0.11869296688683	0.0854997414187981	0.913156256926282	22665.4626313223	676770
ChrZ	1800000	2000000	superscaffold26	1800000	2000000	0.783773209515582	0.494763585952555	0.124314355106652	0.0884713768356701	0.915434181673201	21699.3175460163	601960
ChrZ	1950000	2150000	superscaffold26	1950000	2150000	0.774689357125843	0.468045158476607	0.116557585263497	0.084735311838805	0.912999775806745	23442.9264838791	570936
ChrZ	2100000	2300000	superscaffold26	2100000	2300000	0.810628600199149	0.406042078206952	0.107526907591241	0.0769341605027155	0.922100927919853	24009.1639758006	623653
ChrZ	2250000	2450000	superscaffold26	2250000	2450000	0.807315066426919	0.436760137365654	0.116302781184795	0.0808403623743538	0.921863142421271	24251.43182591	755793
ChrZ	2400000	2600000	superscaffold26	2400000	2600000	0.809398335155764	0.469661798393879	0.122286421579488	0.085415264109546	0.920435382317417	23765.1970583821	839538
ChrZ	2550000	2750000	superscaffold26	2550000	2750000	0.82657984769579	0.454236564446321	0.120613335122043	0.0839761691122137	0.927595959862533	23630.6293442181	682056
ChrZ	2700000	2900000	superscaffold26	2700000	2900000	0.799904137615861	0.523606426370124	0.136064231125277	0.0933309272431128	0.919596456485312	23654.1636719437	426695
ChrZ	2850000	3050000	superscaffold26	2850000	3050000	0.83799692638185	0.44915185052102	0.126581734700831	0.0836681762424573	0.930605848935037	24252.9018920292	645656
ChrZ	3000000	3200000	superscaffold26	3000000	3200000	0.809114605642768	0.439355301645807	0.115103311635643	0.0818891364387725	0.92243033809382	23628.8665669052	389596
ChrZ	3150000	3350000	superscaffold26	3150000	3350000	0.791836331932397	0.464156903579297	0.120219316982758	0.0845929942363815	0.916779185939697	23914.6090770894	615065
ChrZ	3300000	3500000	superscaffold26	3300000	3500000	0.782138336562193	0.461526291057385	0.118909505940217	0.0840704333749104	0.915473262386879	23686.3686774059	565215
ChrZ	3450000	3650000	superscaffold26	3450000	3650000	0.788759759990063	0.465464690527241	0.115498469063526	0.0842217949618076	0.915485699677934	23989.4881300216	555477
ChrZ	3600000	3800000	superscaffold26	3600000	3800000	0.808252432501905	0.453146309981731	0.116421257883576	0.0832086221300113	0.922853216315214	24215.4360363172	544645
ChrZ	3750000	3950000	superscaffold26	3750000	3950000	0.800851791043358	0.470910965566728	0.120357073171891	0.0856829867513163	0.919071950616815	24091.4482906917	420872
ChrZ	3900000	4100000	superscaffold26	3900000	4100000	0.831533854234783	0.489842692425841	0.128770611547223	0.0889985978849657	0.927945521291771	23544.4924009015	328789
ChrZ	4050000	4250000	superscaffold26	4050000	4250000	0.810655714797944	0.493372221314623	0.127475943555351	0.0891972910642036	0.923673039426812	23817.2108060399	471329
ChrZ	4200000	4400000	superscaffold26	4200000	4400000	0.803645767339599	0.4805422629752	0.123519119114335	0.0872253057469067	0.920607849346087	23553.8370684144	334754
ChrZ	4350000	4550000	superscaffold26	4350000	4550000	0.78601863931055	0.51941536725115	0.132560028256126	0.0919155141830055	0.915057312842409	23414.6400891638	318515
ChrZ	4500000	4700000	superscaffold26	4500000	4700000	0.782015160567236	0.558967468581603	0.139208978028879	0.0978251859936164	0.916565133635502	23901.306687773	425149
ChrZ	4650000	4850000	superscaffold26	4650000	4850000	0.789113001270389	0.507162572553864	0.12977031555956	0.0905383393244332	0.918714964801625	24130.9355985952	314077
ChrZ	4800000	5000000	superscaffold26	4800000	5000000	0.781360897355329	0.536164549802672	0.129718660319883	0.0937905424397334	0.91347810885358	23098.2094004301	437597
ChrZ	4950000	5150000	superscaffold26	4950000	5150000	0.789546587175157	0.487064332427026	0.12378318301413	0.0879297272694606	0.916832716485605	23094.5762675323	500934
ChrZ	5100000	5300000	superscaffold26	5100000	5300000	0.769307046011587	0.517949842635918	0.128113510750891	0.0915270164884135	0.911900206105169	24002.2626810383	359040
ChrZ	5250000	5450000	superscaffold26	5250000	5450000	0.827692111646349	0.466893431531828	0.123332805417012	0.0856822106590622	0.928577068587464	23953.0551386632	352076
ChrZ	5400000	5600000	superscaffold26	5400000	5600000	0.8402006298754	0.491322488385324	0.132332057314347	0.0895935200489663	0.932867335190243	24044.3038070252	370867
ChrZ	5550000	5750000	superscaffold26	5550000	5750000	0.813123649051671	0.497623009929876	0.129800145254953	0.0899120434899511	0.924400885128056	24174.340910285	323569
ChrZ	5700000	5900000	superscaffold26	5700000	5900000	0.814326145143684	0.545862837470642	0.146745553397508	0.0962817622902401	0.924873754199923	24262.6773797203	211611
ChrZ	5850000	6050000	superscaffold26	5850000	6050000	0.824360010256761	0.474599763068823	0.125988684741359	0.0866556805360867	0.928552497521283	24101.1468289514	292490
ChrZ	6000000	6200000	superscaffold26	6000000	6200000	0.834850553393744	0.556809767197619	0.143377981728581	0.0978167539619491	0.930847325263569	23858.2844423649	297076
ChrZ	6150000	6350000	superscaffold26	6150000	6350000	0.851240088130019	0.570997208464091	0.146771954300725	0.100055820692006	0.936093253391351	24204.1388925095	398956
ChrZ	6300000	6500000	superscaffold26	6300000	6500000	0.836831294568105	0.609254377708568	0.152313605806233	0.105049502492366	0.933185759171547	24302.2533192463	362507
ChrZ	6450000	6650000	superscaffold26	6450000	6650000	0.831692131828182	0.669217098961687	0.161006868091329	0.113904472526293	0.932307596855548	23880.3318476336	298176
ChrZ	6600000	6800000	superscaffold26	6600000	6800000	0.831685301610578	0.623703944735796	0.151791262675846	0.107647947009992	0.93108136153502	23984.5840551524	321872
ChrZ	6750000	6950000	superscaffold26	6750000	6950000	0.85948087530581	0.628141040078754	0.154120768835759	0.108671680715421	0.938399764994495	24126.3321919421	445947
ChrZ	6900000	7100000	superscaffold26	6900000	7100000	0.869408598391128	0.623926480995661	0.154484421788161	0.108693332007112	0.940557982817143	24004.9771773863	402145
ChrZ	7050000	7250000	superscaffold26	7050000	7250000	0.842733672071188	0.535338402316071	0.136062783977308	0.0954531907293172	0.933520518876727	23752.7813781264	375118
ChrZ	7200000	7400000	superscaffold26	7200000	7400000	0.856468216731026	0.472054258094277	0.125829101929573	0.0876362475349041	0.938220437482752	23921.8502853367	496431
ChrZ	7350000	7550000	superscaffold26	7350000	7550000	0.84337842197687	0.527333786385063	0.138079049912197	0.0942513386931583	0.934401934906925	24030.3340377757	461831
ChrZ	7500000	7700000	superscaffold26	7500000	7700000	0.856804213033124	0.475009037790768	0.130614136296938	0.0875215655144211	0.937661254239734	24084.7223304708	415710
ChrZ	7650000	7850000	superscaffold26	7650000	7850000	0.843237588765036	0.517973587757415	0.132631473014673	0.0925382454814535	0.931825908432521	23766.0250091316	396975
ChrZ	7800000	8000000	superscaffold26	7800000	8000000	0.839303178680295	0.503960587016926	0.12953560873496	0.0912144636584886	0.932447716456412	23747.5642179629	452389
ChrZ	7950000	8150000	superscaffold26	7950000	8150000	0.819183983295303	0.497709380247126	0.125592067852069	0.0898331898221897	0.926353188100056	24059.3579842425	464540
ChrZ	8100000	8300000	superscaffold26	8100000	8300000	0.815013237807438	0.547251359854287	0.13847718525834	0.0964469038847066	0.92651981975056	24086.0396572422	338198
ChrZ	8250000	8450000	superscaffold26	8250000	8450000	0.827750869022228	0.548860431678152	0.136304705090136	0.0968032915755719	0.928877108776843	24129.7778750115	337103
ChrZ	8400000	8600000	superscaffold26	8400000	8600000	0.831385483065812	0.513822466080711	0.128353725968404	0.0927296117939535	0.930169751668335	24042.1131263861	402647
ChrZ	8550000	8750000	superscaffold26	8550000	8750000	0.833118006997508	0.524807431204996	0.130511659176148	0.0938113533570017	0.930709277276979	23905.00032327	349553
ChrZ	8700000	8900000	superscaffold26	8700000	8900000	0.822362782237513	0.530629533320591	0.134708430491845	0.0948401185015291	0.929157874617737	23491.9606364679	313920
ChrZ	8850000	9050000	superscaffold26	8850000	9050000	0.871877384479159	0.480341148704046	0.130418447259967	0.0887478601178438	0.942756015173213	24236.0054877182	457385
ChrZ	9000000	9200000	superscaffold26	9000000	9200000	0.860798258636341	0.48964584496096	0.130564871162883	0.0897563694391066	0.940010578014799	24175.7380609387	386651
ChrZ	9150000	9350000	superscaffold26	9150000	9350000	0.837232713856871	0.526917421179613	0.133407136146239	0.0938288162947298	0.932430722191487	23794.7727655145	305473
ChrZ	9300000	9500000	superscaffold26	9300000	9500000	0.839843368272416	0.526229505240862	0.130805155053495	0.0940599033291696	0.931669092489002	23217.3192907185	184130
ChrZ	9450000	9650000	superscaffold26	9450000	9650000	0.820082174900344	0.603096193338188	0.146292233027681	0.103834491354947	0.924210591269792	24300.3636229004	162058
ChrZ	9600000	9800000	superscaffold26	9600000	9800000	0.814361535302348	0.65469912222694	0.158246036795467	0.110566201908687	0.922471129549837	24025.3516939419	143659
ChrZ	9750000	9950000	superscaffold26	9750000	9950000	0.778492893934616	0.602536683404895	0.147364844868156	0.103827313231287	0.918667329726932	23857.9150635972	123669
ChrZ	9900000	10100000	superscaffold26	9900000	10100000	0.814584044709879	0.594489318393513	0.144641845652293	0.102567667525067	0.925298796412982	23792.8514693259	219012
ChrZ	10050000	10250000	superscaffold26	10050000	10250000	0.861252024575197	0.539074393179889	0.135446830695154	0.0964302287714728	0.938129063397727	23946.0477605517	343924
ChrZ	10200000	10400000	superscaffold26	10200000	10400000	0.876941002460881	0.498016907647305	0.134253778613549	0.0916189348562938	0.944289919673121	24222.9624228073	215370
ChrZ	10350000	10550000	superscaffold26	10350000	10550000	0.862628054675981	0.655910390128351	0.157616575016316	0.112315813009113	0.93991817940103	23455.4317275386	165484
ChrZ	10500000	10700000	superscaffold26	10500000	10700000	0.831918920673241	0.623657764517427	0.152129344979161	0.107049900926959	0.931817022342679	24039.9122918897	263442
ChrZ	10650000	10850000	superscaffold26	10650000	10850000	0.830015246062609	0.556940333331891	0.141542547181646	0.0983431596887288	0.930898949308118	23929.5450015356	231181
ChrZ	10800000	11000000	superscaffold26	10800000	11000000	0.822889148573618	0.514065079938181	0.130396339267237	0.092113661481289	0.928644111081268	24085.9714503353	227113
ChrZ	10950000	11150000	superscaffold26	10950000	11150000	0.776158587276196	0.50030245712696	0.122576399707887	0.0896278789022912	0.911167085626851	23941.9927841146	402584
ChrZ	11100000	11300000	superscaffold26	11100000	11300000	0.809454237820264	0.518124937383284	0.128445392409714	0.0928357872264225	0.920695051360823	23817.8744991244	429997
ChrZ	11250000	11450000	superscaffold26	11250000	11450000	0.818616867539137	0.552978199908027	0.13760851616241	0.0979860698614651	0.923623991645749	23817.7936777865	417512
ChrZ	11400000	11600000	superscaffold26	11400000	11600000	0.808603505490133	0.562365753030114	0.13825845106388	0.0991394238477847	0.922039277167103	23597.7863658228	336786
ChrZ	11550000	11750000	superscaffold26	11550000	11750000	0.789961163572779	0.583752593678238	0.137560548664797	0.101514052189181	0.916840171085902	23984.7329449195	275651
ChrZ	11700000	11900000	superscaffold26	11700000	11900000	0.792598759817613	0.559492253933013	0.132947520828857	0.0978878106424121	0.916318663610972	24121.6125713194	335112
ChrZ	11850000	12050000	superscaffold26	11850000	12050000	0.782332120768229	0.594256166992188	0.138771632080078	0.102732950846354	0.914188842773437	23876.9625895182	245760
ChrZ	12000000	12200000	superscaffold26	12000000	12200000	0.799326304193837	0.565299432279839	0.135371434300715	0.0990455530323548	0.920850590637305	23856.2367913915	191996
ChrZ	12150000	12350000	superscaffold26	12150000	12350000	0.799367315223216	0.524010651716889	0.128731886447641	0.0933340203635764	0.922077854267145	21169.3828956951	72777
ChrZ	12300000	12500000	superscaffold26	12300000	12500000	0.772849581317185	0.63200017210906	0.157415147335787	0.107904152058645	0.91550181091183	23513.9045808826	172565
ChrZ	12450000	12650000	superscaffold26	12450000	12650000	0.805263355016755	0.691567771068713	0.1690081784888	0.116288918630106	0.922117038604791	23912.1941755631	192774
ChrZ	12600000	12800000	superscaffold26	12600000	12800000	0.840148533836852	0.712870667496937	0.172251965932146	0.119662173834441	0.930498844987245	23920.4335857622	248915
ChrZ	12750000	12950000	superscaffold26	12750000	12950000	0.836758509554625	0.764172954557943	0.180416989099147	0.125704793585446	0.928555922345691	23828.7117804444	236587
ChrZ	12900000	13100000	superscaffold26	12900000	13100000	0.871037085088927	0.665762505620217	0.17245273409073	0.113435586518896	0.939436216910248	24241.3243827032	215739
ChrZ	13050000	13250000	superscaffold26	13050000	13250000	0.833880436893952	0.870169425902231	0.197685752385651	0.139467988345384	0.926923242943253	23668.6779872663	129734
ChrZ	13200000	13400000	superscaffold26	13200000	13400000	0.814850062259732	0.813046933461147	0.186142932532192	0.131936129421182	0.920288914802992	24111.8864995207	202378
ChrZ	13350000	13550000	superscaffold26	13350000	13550000	0.76263044732377	0.650883228443622	0.157935286132963	0.110516890328552	0.912601033472158	24004.5709008175	129660
ChrZ	13500000	13700000	superscaffold26	13500000	13700000	0.731340545193054	0.648550327182041	0.152225966005436	0.109820941857599	0.899406253793215	24134.582994626	271867
ChrZ	13650000	13850000	superscaffold26	13650000	13850000	0.731014892038931	0.689117713663496	0.162555816247224	0.115357693779565	0.896451349464041	23500.3830260661	253471
ChrZ	13800000	14000000	superscaffold26	13800000	14000000	0.743602063455033	0.678837954041759	0.162765034799176	0.113538940083207	0.902649830864341	23536.4242972122	257190
ChrZ	13950000	14150000	superscaffold26	13950000	14150000	0.735395411913364	0.679982025544739	0.161021403952138	0.113589018016575	0.897502120818428	23167.0365907918	168567
ChrZ	14100000	14300000	superscaffold26	14100000	14300000	0.672365167479034	0.830244495593521	0.18742306303645	0.132944955935208	0.881721645085586	23814.2385571037	121866
ChrZ	14250000	14450000	superscaffold26	14250000	14450000	0.738203697988825	0.68420274657089	0.164310617929205	0.114309286338059	0.900369930203087	23618.0364217756	152299
ChrZ	14400000	14600000	superscaffold26	14400000	14600000	0.741714103274075	0.691364018512031	0.166537911802267	0.115324638631149	0.899581671055457	24093.5426579117	176966
ChrZ	14550000	14750000	superscaffold26	14550000	14750000	0.812871553619615	0.763910455741746	0.191711307758937	0.126795815704434	0.923849901722357	24020.9697754606	120068
ChrZ	14700000	14900000	superscaffold26	14700000	14900000	0.890484903728923	0.706460013572267	0.19084711646845	0.121573347749074	0.948229624347266	24028.354742242	86942
ChrZ	14850000	15050000	superscaffold26	14850000	15050000	0.873566284864508	0.711626866490416	0.186380918043622	0.117887574355585	0.9414787838731	23634.4255122274	151300
ChrZ	15000000	15200000	superscaffold26	15000000	15200000	0.874141126172593	0.844695881016086	0.212449248895909	0.134368975855066	0.942326407917217	23509.1870748848	124084
ChrZ	15150000	15350000	superscaffold26	15150000	15350000	0.867623014894985	1.00112118650879	0.246425985855122	0.154865918345478	0.941552855765109	24114.2391100514	74656
ChrZ	15300000	15500000	superscaffold26	15300000	15500000	0.867002645062404	0.827870459382527	0.204694468141012	0.133334880665645	0.941077293628202	24088.1380074447	114175
ChrZ	15450000	15650000	superscaffold26	15450000	15650000	0.830610967214303	0.669623138399743	0.174893816578155	0.113297617938445	0.932408149321407	23462.4035632577	96597
ChrZ	15600000	15800000	superscaffold26	15600000	15800000	0.821990128759081	0.686926260098539	0.170056710279079	0.115822040575996	0.930049789153758	24008.404054136	115487
ChrZ	15750000	15950000	superscaffold26	15750000	15950000	0.807108971178437	0.735350672886275	0.178740490991466	0.120899704025824	0.921192325744006	23617.6106454919	104401
ChrZ	15900000	16100000	superscaffold26	15900000	16100000	0.824796027603291	0.670024915635546	0.172147980308641	0.113294700521985	0.930653366362913	23810.9534889599	158242
ChrZ	16050000	16250000	superscaffold26	16050000	16250000	0.84406802083535	0.696161708266367	0.194381723563697	0.117820420967024	0.935462695815503	23423.0973800902	103286
ChrZ	16200000	16400000	superscaffold26	16200000	16400000	0.809658774519452	0.717974995079709	0.197248482910188	0.118625844650003	0.922749540772814	23124.080135144	121944
ChrZ	16350000	16550000	superscaffold26	16350000	16550000	0.776575516194654	0.773759940928308	0.189673486458566	0.127097750451685	0.916705274128146	23951.7478348723	219733
ChrZ	16500000	16700000	superscaffold26	16500000	16700000	0.786556546618549	0.670696391140993	0.173415452590469	0.113016610638719	0.917494932766462	20801.9882217718	80912
ChrZ	16650000	16850000	superscaffold26	16650000	16850000	0.762422699457454	0.580758185209954	0.145904502280304	0.100248394736445	0.906580449222384	22986.9331194658	198877
ChrZ	16800000	17000000	superscaffold26	16800000	17000000	0.753545930238507	0.602127875436137	0.14864698975781	0.103634698617662	0.904667154390022	23521.4041214329	195466
ChrZ	16950000	17150000	superscaffold26	16950000	17150000	0.79168858499319	0.80581824821841	0.192318163333794	0.131077343703733	0.918838363898375	23653.5926525456	101314
ChrZ	17100000	17300000	superscaffold26	17100000	17300000	0.756717638256971	0.673693612002983	0.163275418841396	0.1133985118006	0.906484572738662	24065.1515386683	197151
ChrZ	17250000	17450000	superscaffold26	17250000	17450000	0.752183107626515	0.652164402027054	0.16325396364149	0.109940786227315	0.904630814659325	23892.8580827583	127673
ChrZ	17400000	17600000	superscaffold26	17400000	17600000	0.732693524921589	0.656569702981521	0.166126227185126	0.111965480104297	0.900308544004837	24166.6331859578	105852
ChrZ	17550000	17750000	superscaffold26	17550000	17750000	0.746785570730677	0.719395972780758	0.172467296599514	0.118482210555614	0.901997293432254	23898.8992715302	104191
ChrZ	17700000	17900000	superscaffold26	17700000	17900000	0.777822719646516	0.628388218493852	0.165932863089139	0.106309426229508	0.912569351946721	23828.2696465164	156160
ChrZ	17850000	18050000	superscaffold26	17850000	18050000	0.79344514957265	0.637306376183876	0.167993132363132	0.10812243012243	0.915128378378378	24056.8197967198	173160
ChrZ	18000000	18200000	superscaffold26	18000000	18200000	0.799980363503212	0.673427992576812	0.164954714390333	0.113426567025066	0.91797892879731	24181.633725575	120164
ChrZ	18150000	18350000	superscaffold26	18150000	18350000	0.78641118957484	0.75808470988643	0.189955888723063	0.125926670792079	0.916055347262667	24025.0504604688	109888
ChrZ	18300000	18500000	superscaffold26	18300000	18500000	0.800652202185426	0.790232107662399	0.203139179012759	0.129045272731336	0.918785837187996	23973.7395477196	89502
ChrZ	18450000	18650000	superscaffold26	18450000	18650000	0.740303548521347	0.807963921122209	0.184493090236976	0.130920363298081	0.90392161182922	23714.3270661966	81696
ChrZ	18600000	18800000	superscaffold26	18600000	18800000	0.752724499782792	0.675875961464748	0.161890212863823	0.113609485600388	0.906161040554008	24400.7050571129	78266
ChrZ	18750000	18950000	superscaffold26	18750000	18950000	0.757383247537097	0.804842029450936	0.182890373190014	0.130718704838908	0.903578411463007	24220.5790631996	105871
ChrZ	18900000	19100000	superscaffold26	18900000	19100000	0.760359580289771	0.925405020370772	0.202640784937682	0.145542417010197	0.908001976808659	23574.678177961	82962
ChrZ	19050000	19250000	superscaffold26	19050000	19250000	0.765952499432956	0.853655954952023	0.19465774582606	0.136859363135213	0.911720560535684	24084.6087196631	101403
ChrZ	19200000	19400000	superscaffold26	19200000	19400000	0.797234547049792	0.77636412879094	0.183085573937036	0.125797439420002	0.918322231329585	24081.1855785549	86621
ChrZ	19350000	19550000	superscaffold26	19350000	19550000	0.817015902510004	0.914248244452528	0.210169254274282	0.144655365587486	0.921424081484176	24145.0661476901	68725
ChrZ	19500000	19700000	superscaffold26	19500000	19700000	0.800901283011495	0.742077487055912	0.176738317757009	0.123720733335504	0.918240580937185	24155.8218111954	61418
ChrZ	19650000	19850000	superscaffold26	19650000	19850000	0.692270427778117	0.731030801244889	0.168402054067248	0.120939159089522	0.884710441203393	24107.1028620248	81935
ChrZ	19800000	20000000	superscaffold26	19800000	20000000	0.712520055829627	0.723189852858234	0.167277450399446	0.119512954329652	0.887834138888691	23378.61072757	140069
ChrZ	19950000	20150000	superscaffold26	19950000	20150000	0.786402968077007	0.657590214523345	0.159574090856946	0.11102975377267	0.91446859323996	23909.6381469855	191774
ChrZ	20100000	20300000	superscaffold26	20100000	20300000	0.744963183057604	0.752948638470098	0.169709671325337	0.123691109399264	0.901194013425773	24086.9019539513	163566
ChrZ	20250000	20450000	superscaffold26	20250000	20450000	0.736751057371632	0.724008930794412	0.165738767731723	0.119157483824366	0.902994221341079	24066.0152611923	130134
ChrZ	20400000	20600000	superscaffold26	20400000	20600000	0.759788409773669	0.754945102964042	0.179625828601983	0.124863617495796	0.907995666153078	23752.8946016871	142137
ChrZ	20550000	20750000	superscaffold26	20550000	20750000	0.693229561785778	0.832197961401695	0.194916450179907	0.135579871479672	0.885777400259573	22729.4588323432	94771
ChrZ	20700000	20900000	superscaffold26	20700000	20900000	0.7440107962153	0.767795025439614	0.182999658127287	0.126380880121396	0.903493885566366	24315.9648665536	112030
ChrZ	20850000	21050000	superscaffold26	20850000	21050000	0.725601595148449	0.816665421205415	0.186646482530011	0.133206296285651	0.899378898054206	24241.4409124441	104379
ChrZ	21000000	21200000	superscaffold26	21000000	21200000	0.731029164681594	0.85847387095198	0.199518018348176	0.138532939983631	0.903263519869046	24259.8577039127	163722
ChrZ	21150000	21350000	superscaffold26	21150000	21350000	0.791610113538062	0.925201527897924	0.224875420631488	0.149321583044983	0.922651600346021	23895.4020112457	92480
ChrZ	21300000	21500000	superscaffold26	21300000	21500000	0.70323714900685	0.845320307232646	0.187243488260096	0.135978358084268	0.887661454391776	24091.4425388464	101747
ChrZ	21450000	21650000	superscaffold26	21450000	21650000	0.725031409233989	0.818891492611627	0.190123247845937	0.133941871946125	0.90016498307974	24157.044001114	118497
ChrZ	21600000	21800000	superscaffold26	21600000	21800000	0.764947985090022	0.77549649587059	0.183940375025787	0.127372116349047	0.90934206875947	24265.5782240338	140577
ChrZ	21750000	21950000	superscaffold26	21750000	21950000	0.734839187042994	0.826039478881983	0.187262515619835	0.134118073862674	0.90223289073774	24000.2680162204	124041
ChrZ	21900000	22100000	superscaffold26	21900000	22100000	0.710285993993525	0.799440947384843	0.179984060415773	0.129677249502711	0.895069522992316	23974.0597234682	102556
ChrZ	22050000	22250000	superscaffold26	22050000	22250000	0.731203879999512	0.885303205057791	0.196635641316686	0.141445571381495	0.896882208633884	24200.8711264082	81933
ChrZ	22200000	22400000	superscaffold26	22200000	22400000	0.749121173243978	1.0249591430178	0.217964975959056	0.160197491479522	0.902475127089956	24127.983831174	87143
ChrZ	22350000	22550000	superscaffold26	22350000	22550000	0.712326562656683	0.910717554400508	0.210473829260955	0.145779406357589	0.891948474111709	24057.4440786175	119668
ChrZ	22500000	22700000	superscaffold26	22500000	22700000	0.823583242046958	0.93121170608672	0.235392194705802	0.150135013167493	0.925400650338151	22799.4776152619	80881
ChrZ	22650000	22850000	superscaffold26	22650000	22850000	0.75531777954736	0.734488494551551	0.171161402347024	0.121262363788768	0.904980720871752	23135.3523805532	119300
ChrZ	22800000	23000000	superscaffold26	22800000	23000000	0.729435374632198	0.732139130149222	0.165790499553384	0.120759378940731	0.895921014606978	23421.4839809269	152256
ChrZ	22950000	23150000	superscaffold26	22950000	23150000	0.708011170966495	0.714358161281634	0.16224456324437	0.118161574404797	0.890883816795681	23446.6941071073	170782
ChrZ	23100000	23300000	superscaffold26	23100000	23300000	0.745879354226021	0.746258017693807	0.1667004048583	0.12359869045834	0.903865846953566	23885.3610236417	200070
ChrZ	23250000	23450000	superscaffold26	23250000	23450000	0.74795443166069	0.695664356644741	0.169455991376466	0.115585542380711	0.903308621334448	24186.2805112524	227285
ChrZ	23400000	23600000	superscaffold26	23400000	23600000	0.746727475956549	0.72947441361655	0.175499676883692	0.12098450148758	0.904898429391822	23516.8053068567	144530
ChrZ	23550000	23750000	superscaffold26	23550000	23750000	0.761267725050297	0.692825083048706	0.159401461540261	0.11559368128012	0.906216254152435	23796.5326463295	170984
ChrZ	23700000	23900000	superscaffold26	23700000	23900000	0.767848265730464	0.668124107994933	0.162860408798302	0.11257529049087	0.907835763489245	24129.005627628	172897
ChrZ	23850000	24050000	superscaffold26	23850000	24050000	0.647978777526001	0.796179608389983	0.18002428679333	0.128696996107141	0.869108477136715	24327.2217302888	86055
ChrZ	24000000	24200000	superscaffold26	24000000	24200000	0.721946420956174	0.716558099106561	0.171120498880998	0.118208010996176	0.893731915343542	24274.0170317374	113494
ChrZ	24150000	24350000	superscaffold26	24150000	24350000	0.753664381983514	0.714454106501728	0.168866475779301	0.119123334861924	0.902624291162884	23991.5644524478	89407
ChrZ	24300000	24500000	superscaffold26	24300000	24500000	0.70308487718415	0.815552296897615	0.187075273215447	0.131231304931513	0.88601094959411	24131.7731105657	95346
ChrZ	24450000	24650000	superscaffold26	24450000	24650000	0.733845903155344	0.688221460801352	0.161140619270078	0.114655367591958	0.898625137518136	24209.0792024745	125438
ChrZ	24600000	24800000	superscaffold26	24600000	24800000	0.744814921070155	0.670357731991069	0.163385042892397	0.112723177562772	0.903780641623252	23481.0519409299	127645
ChrZ	24750000	24950000	superscaffold26	24750000	24950000	0.756693515137444	0.666769332517185	0.172237758828123	0.112097571958264	0.909175619674807	24169.1958897074	142131
ChrZ	24900000	25100000	superscaffold26	24900000	25100000	0.720305228878545	0.772478770831241	0.179622796325442	0.126470269787586	0.895579926107	24030.2758820837	179178
ChrZ	25050000	25310599	superscaffold26	25050000	25310599	0.714147716088144	0.875967311876634	0.199637856131077	0.138931643277501	0.893150746944319	23757.2037631975	136958
ChrZ	25310599	25489844	superscaffold54	16200000	16379243	0.822423234464302	0.539996349637287	0.140563998219099	0.0964182116465105	0.928364862052779	24170.8288254282	206637
ChrZ	25439842	25639844	superscaffold54	16050000	16250000	0.83975737116906	0.625014338332779	0.16344511264421	0.106975455952329	0.92991432965486	24163.5915544564	207423
ChrZ	25589842	25789844	superscaffold54	15900000	16100000	0.791546192018696	0.756408553721453	0.178561478671163	0.124974337356526	0.91172080227192	23418.630753757	135216
ChrZ	25739842	25939844	superscaffold54	15750000	15950000	0.764351897794741	0.639136010920271	0.15421647105598	0.108128710771841	0.906670165394402	23714.6918787108	188640
ChrZ	25889842	26089844	superscaffold54	15600000	15800000	0.715304668735852	0.712445834169564	0.15997742223052	0.118120277239738	0.892548785325897	23439.7525938718	214255
ChrZ	26039842	26239844	superscaffold54	15450000	15650000	0.764768018710435	0.670867737723343	0.155543957400153	0.112832515165039	0.908615945741944	23746.2453402974	181503
ChrZ	26189842	26389844	superscaffold54	15300000	15500000	0.805419959744749	0.667334881265062	0.164646288122896	0.11316256442194	0.920051627810421	24194.6072676072	110793
ChrZ	26339842	26539844	superscaffold54	15150000	15350000	0.759836728342943	0.659389777981489	0.162495471980315	0.111616529563602	0.905942553413907	24159.7565274729	124359
ChrZ	26489842	26689844	superscaffold54	15000000	15200000	0.735054962243797	0.691636369930284	0.167685829750922	0.115519248418104	0.902585454604003	24094.5728396851	124218
ChrZ	26639842	26839844	superscaffold54	14850000	15050000	0.743974621837746	0.729990175140227	0.16907518437965	0.120168517276905	0.901972657846969	22845.9780052657	122302
ChrZ	26789842	26989844	superscaffold54	14700000	14900000	0.773250226350602	0.685315924123625	0.164799723421743	0.11449309206664	0.910326284066744	23745.090461964	153302
ChrZ	26939842	27139844	superscaffold54	14550000	14750000	0.755199334808877	0.66219767183107	0.167670058024765	0.111802117604833	0.906310701680924	23973.646982114	83585
ChrZ	27089842	27289844	superscaffold54	14400000	14600000	0.822986433522968	0.634921977433808	0.163825244956275	0.108448595871785	0.924802178923833	23512.0017956266	115837
ChrZ	27239842	27439844	superscaffold54	14250000	14450000	0.808614059899498	0.634767859296482	0.16304672	0.108318311557789	0.920690331658291	23074.1535758794	124375
ChrZ	27389842	27589844	superscaffold54	14100000	14300000	0.794067442148528	0.656517680686148	0.161157051217086	0.110842069703282	0.915769795244262	24127.75565565	266415
ChrZ	27539842	27739844	superscaffold54	13950000	14150000	0.748626017558184	0.68258178783053	0.158047523503876	0.114006006321593	0.904498678285894	24295.989636468	247406
ChrZ	27689842	27889844	superscaffold54	13800000	14000000	0.705232893613863	0.616738033414969	0.144143716371665	0.104733106979851	0.891973078778433	24050.3244600913	215592
ChrZ	27839842	28039844	superscaffold54	13650000	13850000	0.695131308600442	0.68734071322514	0.15856672896614	0.114768817036829	0.893591408902595	23668.2590308279	192618
ChrZ	27989842	28189844	superscaffold54	13500000	13700000	0.710816169805446	0.620134050466492	0.145015123225427	0.105511296144664	0.894212268339657	23844.8640541569	173422
ChrZ	28139842	28339844	superscaffold54	13350000	13550000	0.748348786321758	0.620418768456178	0.156194337644696	0.10615277285613	0.910579228679424	23945.5681180605	135456
ChrZ	28289842	28489844	superscaffold54	13200000	13400000	0.757946115912309	0.74337639275426	0.173100759728529	0.12331321712807	0.912690591279723	23835.6425760461	102405
ChrZ	28439842	28639844	superscaffold54	13050000	13250000	0.814709182758902	0.648291494540862	0.160229560824574	0.111286971400636	0.926158233520737	24014.8557911676	98184
ChrZ	28589842	28789844	superscaffold54	12900000	13100000	0.792317129142734	0.55418077083839	0.143723303804978	0.0970503330367014	0.917636787746407	23737.6385270879	148332
ChrZ	28739842	28939844	superscaffold54	12750000	12950000	0.744525897466117	0.629276511490866	0.151133266548812	0.106898291101945	0.905527715576508	23778.5215242585	127275
ChrZ	28889842	29089844	superscaffold54	12600000	12800000	0.727122008409558	0.683203719974269	0.161463425482844	0.114356260884573	0.896381536627077	23978.117835794	127474
ChrZ	29039842	29239844	superscaffold54	12450000	12650000	0.871525589589254	0.764632963518346	0.194439491207282	0.128863500519069	0.941291171628409	23569.5491647704	95363
ChrZ	29189842	29389844	superscaffold54	12300000	12500000	0.687804684739897	0.733660106708966	0.166030817621399	0.120731821622986	0.883376563682901	24171.2260535708	110956
ChrZ	29339842	29539844	superscaffold54	12150000	12350000	0.718620714895532	0.688634893017161	0.160474547813023	0.115031204706848	0.894164620546794	23493.5150530447	151099
ChrZ	29489842	29689844	superscaffold54	12000000	12200000	0.75881516892344	0.529626935289609	0.129292317724491	0.0932902660681047	0.906248792535007	23697.7368079127	410985
ChrZ	29639842	29839844	superscaffold54	11850000	12050000	0.772109730619781	0.506741365200227	0.126327335103231	0.0904196687824695	0.911732066688709	22763.1968416814	305479
ChrZ	29789842	29989844	superscaffold54	11700000	11900000	0.809315792642	0.474874128408335	0.128228033602519	0.0866688839593423	0.923385685519674	24346.8679767756	332237
ChrZ	29939842	30139844	superscaffold54	11550000	11750000	0.797738691868096	0.471235226671513	0.12207183053654	0.0858751236849014	0.920682902203106	24294.7839179338	247605
ChrZ	30089842	30289844	superscaffold54	11400000	11600000	0.795217830241114	0.504454820421883	0.129588937352778	0.0906951274382659	0.919496334330254	24214.2025355319	188915
ChrZ	30239842	30439844	superscaffold54	11250000	11450000	0.787308670674779	0.540790684751348	0.136168878354747	0.0957349731909297	0.917617605827179	23699.3774948333	138386
ChrZ	30389842	30589844	superscaffold54	11100000	11300000	0.771472708718539	0.657976886625645	0.154245938791388	0.11189647681691	0.912790458003698	24225.8847362412	98973
ChrZ	30539842	30739844	superscaffold54	10950000	11150000	0.775116740064852	0.524338150969007	0.129360352914561	0.0932434959656135	0.914581781162808	24244.6492421386	132610
ChrZ	30689842	30889844	superscaffold54	10800000	11000000	0.741267322979891	0.542086183562184	0.132093365946845	0.0945415999150971	0.903595892314768	23974.0243742198	197873
ChrZ	30839842	31039844	superscaffold54	10650000	10850000	0.79670874202725	0.53982217098368	0.138722381793682	0.0956110795029196	0.918738374008085	23972.4514747717	166975
ChrZ	30989842	31189844	superscaffold54	10500000	10700000	0.76722946287178	0.578857723760157	0.139319489611367	0.100967817305446	0.91116832094428	23867.0967384626	115559
ChrZ	31139842	31339844	superscaffold54	10350000	10550000	0.721854578057063	0.675806298993938	0.157005698371894	0.113598098955854	0.900828255419087	23859.5369814973	126036
ChrZ	31289842	31489844	superscaffold54	10200000	10400000	0.811092407660739	0.61707975376197	0.161921545827633	0.107079343365253	0.924242476060191	6867.71511627907	5848
ChrZ	31439842	31639844	superscaffold54	10050000	10250000	0.762790830646046	0.547266685307814	0.137111762215614	0.0966946632311206	0.912533070615106	24053.5990968625	191333
ChrZ	31589842	31789844	superscaffold54	9900000	10100000	0.750764250595796	0.572807070387197	0.139303822840416	0.09972968913032	0.907991790799362	24009.7732928963	246309
ChrZ	31739842	31939844	superscaffold54	9750000	9950000	0.775756845245521	0.537997460856052	0.136543020383723	0.0952759233979762	0.914154729529845	24049.8880944658	280567
ChrZ	31889842	32089844	superscaffold54	9600000	9800000	0.7839977361976	0.592331483502422	0.143103035660183	0.102252624581199	0.916069614277016	24114.4821787333	339959
ChrZ	32039842	32239844	superscaffold54	9450000	9650000	0.741083176519223	0.574522638555877	0.139380620366543	0.0998968995452666	0.901528510403748	23992.1402149649	362850
ChrZ	32189842	32389844	superscaffold54	9300000	9500000	0.722812493769158	0.587920246368923	0.139788548142206	0.101326324232962	0.893478958375111	24138.5922537027	349070
ChrZ	32339842	32539844	superscaffold54	9150000	9350000	0.76286014817974	0.584394153644736	0.141141648028485	0.101393970651683	0.908770921461762	24033.8633106369	201647
ChrZ	32489842	32689844	superscaffold54	9000000	9200000	0.768717589323343	0.569659392179817	0.140574440646219	0.0997147584484508	0.912116475454616	23988.2442363225	320325
ChrZ	32639842	32839844	superscaffold54	8850000	9050000	0.73744717803299	0.579540380978665	0.138988543235695	0.10061041714851	0.901503254508597	24109.5644128377	514517
ChrZ	32789842	32989844	superscaffold54	8700000	8900000	0.760633344441426	0.56625622141883	0.139967980968756	0.0992735867285359	0.908534935885768	24248.6366645477	357097
ChrZ	32939842	33139844	superscaffold54	8550000	8750000	0.739139885884611	0.553861139996334	0.136562250282153	0.0968274860852537	0.900151735846509	23853.0722843335	207334
ChrZ	33089842	33289844	superscaffold54	8400000	8600000	0.754043945274774	0.545588184657548	0.132039686357689	0.095653980298044	0.906234214928441	23939.2242801278	274389
ChrZ	33239842	33439844	superscaffold54	8250000	8450000	0.750116640393634	0.633153031732107	0.150122604921742	0.10711502311807	0.902448206947953	24038.0745120801	151613
ChrZ	33389842	33589844	superscaffold54	8100000	8300000	0.749795946772391	0.569765039330226	0.142204188194606	0.0992412324173854	0.907233282017757	23877.3494801662	94838
ChrZ	33539842	33739844	superscaffold54	7950000	8150000	0.758727210655921	0.547727435537375	0.137235930154466	0.0966364450414148	0.909562651362517	24245.1937643731	98274
ChrZ	33689842	33889844	superscaffold54	7800000	8000000	0.774895539011734	0.565097944228881	0.146172918517133	0.098884928240849	0.916572740872329	24284.4125099341	85564
ChrZ	33839842	34039844	superscaffold54	7650000	7850000	0.795222750011544	0.614118298520787	0.164464191050841	0.107188572659966	0.920216571490141	24107.8532177875	64967
ChrZ	33989842	34189844	superscaffold54	7500000	7700000	0.801369913664269	0.579805665043168	0.16259481232999	0.102112376221656	0.923568579384791	23652.3204206045	93009
ChrZ	34139842	34339844	superscaffold54	7350000	7550000	0.78896134214681	0.599057269094421	0.147452575513107	0.10286010051065	0.917797093403193	23965.7591503438	172917
ChrZ	34289842	34489844	superscaffold54	7200000	7400000	0.798150107841498	0.675705597726133	0.167189685671292	0.113860056846681	0.923468065540879	23723.1604581174	119620
ChrZ	34439842	34639844	superscaffold54	7050000	7250000	0.766049366973157	0.597125350145645	0.14349687277329	0.102236599839249	0.909753800726228	23604.8792717199	175427
ChrZ	34589842	34789844	superscaffold54	6900000	7100000	0.812034046299725	0.506150455939795	0.135311628036978	0.091004954196393	0.923512238751738	23265.1918860185	143111
ChrZ	34739842	34939844	superscaffold54	6750000	6950000	0.776366987032535	0.538864374507989	0.137490315492617	0.0954027353651046	0.914578406013997	23823.862314766	115597
ChrZ	34889842	35089844	superscaffold54	6600000	6800000	0.761663397710046	0.52193554235429	0.129454670084754	0.0924890822518292	0.909489710818328	24085.2392250145	243411
ChrZ	35039842	35239844	superscaffold54	6450000	6650000	0.754816577127272	0.520063015484304	0.129920719985319	0.0918710253051616	0.907633249172631	23616.6923198613	158031
ChrZ	35189842	35389844	superscaffold54	6300000	6500000	0.785883786516104	0.51513359815357	0.135459772438985	0.0927218624524325	0.919398479747451	23874.8671448055	104851
ChrZ	35339842	35539844	superscaffold54	6150000	6350000	0.791961826187321	0.602586712264353	0.153301655195999	0.104527508228957	0.920373103065019	24025.9368529047	116965
ChrZ	35489842	35689844	superscaffold54	6000000	6200000	0.729456067958137	0.632518427782005	0.150303218281837	0.107658887073235	0.901308393728093	22792.0722741278	80167
ChrZ	35639842	35839844	superscaffold54	5850000	6050000	0.732605192602031	0.540525581500554	0.133702073421749	0.0941068830062353	0.900145139522434	23975.246767347	132631
ChrZ	35789842	35989844	superscaffold54	5700000	5900000	0.728179983950476	0.545678063166342	0.13420373094119	0.0948012151782644	0.901393098704574	24287.6392869426	174460
ChrZ	35939842	36139844	superscaffold54	5550000	5750000	0.752955062323305	0.564801412064837	0.137303978099195	0.0983564699125012	0.908836930008429	24350.6720175445	134059
ChrZ	36089842	36289844	superscaffold54	5400000	5600000	0.757117185534374	0.556973363562216	0.137579891341914	0.0970049214095138	0.909128592559824	23974.7019575045	144674
ChrZ	36239842	36439844	superscaffold54	5250000	5450000	0.751309517526499	0.546514618463298	0.133229062321326	0.0954690152614681	0.906470686546158	23423.4820556802	227370
ChrZ	36389842	36589844	superscaffold54	5100000	5300000	0.744737094743356	0.54557319504445	0.131767194354196	0.0952162281171528	0.90409394599355	23917.3629761862	420135
ChrZ	36539842	36739844	superscaffold54	4950000	5150000	0.72665931761105	0.554902483911474	0.133752803719981	0.0964072359127296	0.897822437607911	23785.3265656883	254840
ChrZ	36689842	36889844	superscaffold54	4800000	5000000	0.755318519489763	0.587387440762733	0.147180366006706	0.101856257141252	0.910407870829977	24454.0327420533	106774
ChrZ	36839842	37039844	superscaffold54	4650000	4850000	0.775007815784873	0.502562908192768	0.127106261682662	0.0897193919860862	0.912979017154742	23053.2680837521	223087
ChrZ	36989842	37189844	superscaffold54	4500000	4700000	0.771386180527981	0.497620000811227	0.126838650501894	0.089059360496642	0.911286222370236	23193.7043930098	468426
ChrZ	37139842	37339844	superscaffold54	4350000	4550000	0.76585927887045	0.533091605917821	0.133298229195865	0.0940761844746205	0.908465364462385	23663.6924836474	488761
ChrZ	37289842	37489844	superscaffold54	4200000	4400000	0.786881451480083	0.550847139202424	0.137966891661909	0.0966175501778734	0.915686487109667	24090.3407648557	364304
ChrZ	37439842	37639844	superscaffold54	4050000	4250000	0.748480600242647	0.535186167412657	0.129244890706075	0.0938518140255396	0.902234407879856	23726.1815739148	291782
ChrZ	37589842	37789844	superscaffold54	3900000	4100000	0.770325527451525	0.556346872188618	0.138720265995597	0.0972954350412716	0.908850738162657	23500.490819089	241207
ChrZ	37739842	37939844	superscaffold54	3750000	3950000	0.789237084907454	0.502890637942579	0.131631783048269	0.0903346780526921	0.915558127423182	24178.5674729472	241934
ChrZ	37889842	38089844	superscaffold54	3600000	3800000	0.754452792407377	0.622719678933378	0.150456792656587	0.105430968599435	0.903209669380296	24049.9849102841	240760
ChrZ	38039842	38239844	superscaffold54	3450000	3650000	0.751574912983316	0.530481642984718	0.130108488317515	0.0928028211083274	0.903311083883474	23653.4854281343	328098
ChrZ	38189842	38389844	superscaffold54	3300000	3500000	0.774642766138398	0.499247030388382	0.125734974714452	0.0894262512459877	0.912099075454271	23681.9845689568	546755
ChrZ	38339842	38539844	superscaffold54	3150000	3350000	0.810120045684013	0.478971141206416	0.127336583438016	0.0871931384587879	0.922052110827252	23401.2006285669	425094
ChrZ	38489842	38689844	superscaffold54	3000000	3200000	0.769239350772083	0.508776625492964	0.12706186202468	0.0906392323396316	0.910147298467951	24094.8350881125	330146
ChrZ	38639842	38839844	superscaffold54	2850000	3050000	0.716416612446586	0.548652866117432	0.132460445425291	0.0957543698454288	0.894383319851583	24021.7803009654	454936
ChrZ	38789842	38989844	superscaffold54	2700000	2900000	0.742250999220647	0.528632048112357	0.128434519863338	0.0927065744465675	0.901382304403652	24117.7564144044	491433
ChrZ	38939842	39139844	superscaffold54	2550000	2750000	0.74098495799755	0.550558024085524	0.132967530706681	0.0957725651846763	0.900820565388236	23971.2274966104	275103
ChrZ	39089842	39289844	superscaffold54	2400000	2600000	0.716130592704243	0.603540246669419	0.142043947350736	0.103253136970651	0.893064518709818	23853.3863186157	312483
ChrZ	39239842	39439844	superscaffold54	2250000	2450000	0.753769902269255	0.602433783879486	0.145161026071649	0.104045658266139	0.905525884483474	23867.8438786763	197686
ChrZ	39389842	39589844	superscaffold54	2100000	2300000	0.758822820914282	0.555694701945852	0.136586208877236	0.0970066426407508	0.90788732524852	24287.3897015907	323817
ChrZ	39539842	39739844	superscaffold54	1950000	2150000	0.751467006723669	0.602928929717475	0.144880081385345	0.103575858399286	0.903609170937766	23662.5300730266	245253
ChrZ	39689842	39889844	superscaffold54	1800000	2000000	0.764263217533377	0.559741838268204	0.13955352439659	0.0979675270092754	0.908658578742636	23887.3059826136	274813
ChrZ	39839842	40039844	superscaffold54	1650000	1850000	0.757365691153492	0.572650805346861	0.138934119416083	0.099523480810805	0.906620914403134	23923.6941768873	186876
ChrZ	39989842	40189844	superscaffold54	1500000	1700000	0.73648272457328	0.599950755845342	0.143553919909465	0.102976296773122	0.901763725653059	24336.1257631131	192632
ChrZ	40139842	40339844	superscaffold54	1350000	1550000	0.744334898478255	0.631468244500004	0.153591034336583	0.107163793028869	0.905000735351368	23602.404845533	231182
ChrZ	40289842	40489844	superscaffold54	1200000	1400000	0.747310046406689	0.65191213684627	0.158001563285251	0.110391516343923	0.906267736658077	23569.1826274313	187042
ChrZ	40439842	40639844	superscaffold54	1050000	1250000	0.773643336871931	0.618018476061006	0.152681333771203	0.106533065520059	0.913963127305498	23923.6251250601	130937
ChrZ	40589842	40789844	superscaffold54	900000	1100000	0.74175067935474	0.583779678857604	0.144436633093638	0.100888660980259	0.904891588997232	24009.7824812204	255463
ChrZ	40739842	40939844	superscaffold54	750000	950000	0.778148645329242	0.547317043553481	0.135939901990387	0.0963161524086209	0.915205893633864	23632.0372575262	245078
ChrZ	40889842	41089844	superscaffold54	600000	800000	0.754654989986484	0.583280323194854	0.140510007103184	0.100982459082703	0.906739540068861	23752.1170644121	202726
ChrZ	41039842	41239844	superscaffold54	450000	650000	0.747782630953286	0.630312791335289	0.149763070112592	0.10742892479617	0.905767227956981	23969.3119343903	249841
ChrZ	41189842	41389844	superscaffold54	300000	500000	0.759615732080575	0.620043743564192	0.14794496547797	0.105911737490213	0.909370299190927	23499.7261109925	210735
ChrZ	41339842	41539844	superscaffold54	150000	350000	0.738323873838438	0.628869917891735	0.147641906681744	0.106831800973499	0.903129603225331	23722.0957618369	203390
ChrZ	41489842	41689844	superscaffold54	0	200000	0.754055816703166	0.594545226859134	0.147324986891212	0.102467125217195	0.908644191521956	23518.8569342916	97263
ChrZ	41689842	41889842	superscaffold35	0	200000	0.77719041341218	0.596082646086193	0.148814595763922	0.10311978580231	0.914541682551222	24126.0284946761	112793
ChrZ	41839842	42039842	superscaffold35	150000	350000	0.783791892911323	0.546771586848933	0.136206576776729	0.0965178356779879	0.916527534838223	24166.9517155908	241258
ChrZ	41989842	42189842	superscaffold35	300000	500000	0.774323191593353	0.6043350933433	0.145208281582428	0.103708479481724	0.914168343779349	23445.0673193031	208692
ChrZ	42139842	42339842	superscaffold35	450000	650000	0.771325933041236	0.628785473690888	0.148503929262402	0.107313810867999	0.914067094692868	23896.9662850075	220703
ChrZ	42289842	42489842	superscaffold35	600000	800000	0.710646145545252	0.618807656851581	0.147135917249607	0.104601431592647	0.89573065451982	23942.8597527249	184410
ChrZ	42439842	42639842	superscaffold35	750000	950000	0.750132695603243	0.576298459813626	0.142354760808587	0.0995142849835026	0.907626842639248	24225.0996581153	234582
ChrZ	42589842	42789842	superscaffold35	900000	1100000	0.746337876074775	0.652631008320341	0.153368593414736	0.110150584276254	0.906704743674843	23726.2761998117	129562
ChrZ	42739842	42939842	superscaffold35	1050000	1250000	0.747435975376433	0.610492637323742	0.143206446706335	0.104190789599556	0.904582910823273	23867.390547573	209068
ChrZ	42889842	43089842	superscaffold35	1200000	1400000	0.759265931601108	0.547751665112468	0.132228360955691	0.0954972730869221	0.906682138012886	23864.6726468012	283104
ChrZ	43039842	43239842	superscaffold35	1350000	1550000	0.787318731123049	0.556325187904918	0.135184233278768	0.097826528024347	0.917412099693358	23697.2311979803	173492
ChrZ	43189842	43389842	superscaffold35	1500000	1700000	0.743812868559168	0.688944217347044	0.162015506763141	0.115609657972216	0.907468409214208	24186.9201528793	164051
ChrZ	43339842	43539842	superscaffold35	1650000	1850000	0.741483977568596	0.60609486805337	0.145767852135847	0.104529198020085	0.908145498936606	24147.246740675	209706
ChrZ	43489842	43689842	superscaffold35	1800000	2000000	0.751100252697292	0.560963079431066	0.135712181608364	0.0979626063622713	0.909072180357044	24114.6464810077	287696
ChrZ	43639842	43839842	superscaffold35	1950000	2150000	0.781289015634719	0.551374508977049	0.135372544885243	0.0968796277749078	0.916996510389761	23897.5606113319	284559
ChrZ	43789842	43989842	superscaffold35	2100000	2300000	0.772669300948605	0.522036832193224	0.13020711802057	0.0925270493575205	0.913414099740956	24048.8755198276	272927
ChrZ	43939842	44139842	superscaffold35	2250000	2450000	0.775308673751496	0.502800579364067	0.124867703263518	0.0895292780886758	0.911848921781294	23801.6959204506	329154
ChrZ	44089842	44289842	superscaffold35	2400000	2600000	0.783851159647762	0.506830380018377	0.125260205150574	0.0907297897367508	0.915886620163963	23728.9478828876	279697
ChrZ	44239842	44439842	superscaffold35	2550000	2750000	0.728154995598279	0.562378388970139	0.132494780055944	0.0972408664290684	0.89897003279992	24150.8969926307	281708
ChrZ	44389842	44589842	superscaffold35	2700000	2900000	0.789835727841663	0.476302551598279	0.119209331568096	0.0868396680462646	0.918395435484312	24182.1478791339	329323
ChrZ	44539842	44739842	superscaffold35	2850000	3050000	0.825431027031519	0.494901544806665	0.125085481206757	0.0900043632737019	0.928744519936005	23515.3025982256	192516
ChrZ	44689842	44889842	superscaffold35	3000000	3200000	0.835259002070647	0.499922059230395	0.129008869706527	0.0908467517641268	0.930163409257043	24010.4954233176	343371
ChrZ	44839842	45039842	superscaffold35	3150000	3350000	0.83524749323293	0.53668234374682	0.143763818052305	0.0953392490078356	0.93024182354737	23659.5573298056	245675
ChrZ	44989842	45189842	superscaffold35	3300000	3500000	0.839777445172352	0.52593808634235	0.145917528533408	0.0941638943624127	0.930815633236942	24406.6213245643	312616
ChrZ	45139842	45339842	superscaffold35	3450000	3650000	0.795309192673501	0.596134220930175	0.155580613206849	0.103511872738849	0.919854496636345	23691.3404077845	202607
ChrZ	45289842	45489842	superscaffold35	3600000	3800000	0.779208428711028	0.679462471740222	0.1606937455922	0.11380502158349	0.913215822212231	24280.9480672759	551579
ChrZ	45439842	45639842	superscaffold35	3750000	3950000	0.786276458490961	0.706148110883949	0.170092038265265	0.11785858593989	0.918426206152707	23571.1654244273	248476
ChrZ	45589842	45789842	superscaffold35	3900000	4100000	0.781014817334031	0.614281900218522	0.149279066510726	0.105576005663107	0.915318241974701	24040.7888553753	324910
ChrZ	45739842	45939842	superscaffold35	4050000	4250000	0.810966152035781	0.506324475339386	0.124997382017308	0.0908809469732872	0.922931106942241	24190.4719593827	559171
ChrZ	45889842	46089842	superscaffold35	4200000	4400000	0.813573531651486	0.576135517512983	0.139567803695097	0.101197752742889	0.925903821579028	24080.4699859138	305973
ChrZ	46039842	46315381	superscaffold35	4350000	4625539	0.795921996789683	0.483129217451335	0.121365537217907	0.0876426788459184	0.919461336770367	24282.6093191	588104
ChrZ	46315381	46559558	superscaffold36	9150000	9394175	0.829974742210403	0.49252600599929	0.124581265101536	0.0894310397635288	0.929281033200286	24381.3629765036	411382
ChrZ	46509556	46709558	superscaffold36	9000000	9200000	0.858197119717302	0.506055999190599	0.13175382960137	0.0921231967387066	0.938013266278088	24118.327812298	202619
ChrZ	46659556	46859558	superscaffold36	8850000	9050000	0.788804440001974	0.520854080161903	0.128264724813663	0.0927323165013081	0.91314541685177	23818.9762229133	202590
ChrZ	46809556	47009558	superscaffold36	8700000	8900000	0.799409077864496	0.496663933766589	0.122935791399678	0.0896551292174071	0.918153868930122	24166.9907300556	263432
ChrZ	46959556	47159558	superscaffold36	8550000	8750000	0.808820543058764	0.476587600005634	0.121650513409206	0.0869508845568764	0.923460617499577	24228.9824567581	283984
ChrZ	47109556	47309558	superscaffold36	8400000	8600000	0.801705650952232	0.546314723092262	0.13135141752188	0.0968654890072815	0.922066157735188	24166.8636409415	198586
ChrZ	47259556	47459558	superscaffold36	8250000	8450000	0.850458851653964	0.508377696629214	0.132345468295749	0.0930320971163668	0.937348393179854	23730.6092205547	254540
ChrZ	47409556	47609558	superscaffold36	8100000	8300000	0.855300872953293	0.479829463329634	0.124557226992193	0.0884844391877422	0.935517712166345	23692.301177404	410904
ChrZ	47559556	47759558	superscaffold36	7950000	8150000	0.843488313400031	0.55049058192207	0.135597046757263	0.0979821559830685	0.931826585702337	23481.0860879672	276171
ChrZ	47709556	47909558	superscaffold36	7800000	8000000	0.828396951523576	0.499646048851526	0.128354972749939	0.0907089428741643	0.929269345336599	23417.926003398	226605
ChrZ	47859556	48059558	superscaffold36	7650000	7850000	0.85676995269857	0.490431734483539	0.124249593811012	0.0899412607569905	0.935617118173972	24086.0645482274	477364
ChrZ	48009556	48209558	superscaffold36	7500000	7700000	0.832052602183084	0.551726497752055	0.135845707562075	0.0977897243149451	0.928253865300715	23772.6076906872	360774
ChrZ	48159556	48359558	superscaffold36	7350000	7550000	0.856219326613526	0.51595766421661	0.130517092009118	0.0935788702953184	0.936045352889512	23917.9157694102	602299
ChrZ	48309556	48509558	superscaffold36	7200000	7400000	0.841132659066956	0.60585302741021	0.147353269928874	0.106017093407871	0.932451950247186	23962.5728379096	589233
ChrZ	48459556	48659558	superscaffold36	7050000	7250000	0.817658268503703	0.596991166933348	0.147048788603956	0.103249599977344	0.923398337604962	24335.6157856728	353105
ChrZ	48609556	48809558	superscaffold36	6900000	7100000	0.837407791802744	0.65691273575267	0.164420655536715	0.111376462195327	0.925781851032633	24251.4208147067	278947
ChrZ	48759556	48959558	superscaffold36	6750000	6950000	0.857989934535266	0.647042138694238	0.160213241117959	0.111340186126984	0.934112663998587	24132.1476563506	334073
ChrZ	48909556	49109558	superscaffold36	6600000	6800000	0.811504309351589	0.623091434841017	0.149826779746908	0.107201407447424	0.923608735353033	23234.8644997203	209173
ChrZ	49059556	49259558	superscaffold36	6450000	6650000	0.817800934548339	0.558973160437269	0.139091289565782	0.098402892940139	0.925551383519781	23575.1831492892	180301
ChrZ	49209556	49409558	superscaffold36	6300000	6500000	0.834060622136105	0.552676595009295	0.139838793956691	0.0979451703280878	0.929783875782252	24107.7155560211	190955
ChrZ	49359556	49559558	superscaffold36	6150000	6350000	0.789923700190506	0.552627302448801	0.1361169912883	0.0967151531989205	0.919120346483569	23765.2616040244	201568
ChrZ	49509556	49709558	superscaffold36	6000000	6200000	0.808487815141492	0.505399708353022	0.129918021998215	0.0905835564655851	0.920634299364729	23963.2329264451	380940
ChrZ	49659556	49859558	superscaffold36	5850000	6050000	0.778140283801534	0.54589569769748	0.138380753585876	0.0958477934655296	0.911218168686782	23016.5942244292	267229
ChrZ	49809556	50009558	superscaffold36	5700000	5900000	0.779489982873551	0.583894020976438	0.145822259075633	0.100898376911146	0.911719130844228	24099.0757533791	433248
ChrZ	49959556	50159558	superscaffold36	5550000	5750000	0.779989334512536	0.618625690048659	0.148608692642241	0.106040828224009	0.910895630657935	23841.6062789211	301899
ChrZ	50109556	50309558	superscaffold36	5400000	5600000	0.817476682780879	0.67172979984209	0.177466200324131	0.11360029365728	0.926739988641558	23903.9520313604	360965
ChrZ	50259556	50459558	superscaffold36	5250000	5450000	0.788820028447473	0.614962311601165	0.151275440973369	0.105306992524094	0.916456900951752	23660.0255276669	266456
ChrZ	50409556	50609558	superscaffold36	5100000	5300000	0.767799201882266	0.581130725645456	0.142371987451559	0.100587075777148	0.911436150581288	23618.431558154	238436
ChrZ	50559556	50759558	superscaffold36	4950000	5150000	0.775521533734878	0.54143595447937	0.133368436521528	0.0948223809766401	0.912245504171549	24028.7280009092	255181
ChrZ	50709556	50909558	superscaffold36	4800000	5000000	0.789059000274564	0.615187142612921	0.150551845539364	0.105888371418359	0.918307336051349	23590.0669678242	193033
ChrZ	50859556	51059558	superscaffold36	4650000	4850000	0.744531030790677	0.628889707464712	0.150983139599599	0.106758153513445	0.901010489714355	23726.0792479633	188661
ChrZ	51009556	51209558	superscaffold36	4500000	4700000	0.808072658456495	0.570897889857009	0.144892249061608	0.100427457961587	0.919459517308706	23666.9275754238	191551
ChrZ	51159556	51359558	superscaffold36	4350000	4550000	0.76976193057647	0.573569505772424	0.139546858565968	0.0994840727441214	0.910623460365265	24046.0566353913	258990
ChrZ	51309556	51509558	superscaffold36	4200000	4400000	0.745870826458618	0.653569986957683	0.154267108612643	0.10989852920379	0.902458908845205	23359.2671946448	254556
ChrZ	51459556	51659558	superscaffold36	4050000	4250000	0.773679570582351	0.564937476758863	0.13671905458983	0.0982995343916452	0.911711726102874	23951.7556132256	381866
ChrZ	51609556	51809558	superscaffold36	3900000	4100000	0.783391427443296	0.547328952852401	0.133073714555213	0.0963421856948568	0.916650495020547	23871.499469882	273524
ChrZ	51759556	51959558	superscaffold36	3750000	3950000	0.774898306504462	0.635362041457874	0.149199209669234	0.108325030918489	0.912338521726705	23895.2758766808	202953
ChrZ	51909556	52109558	superscaffold36	3600000	3800000	0.790962109254651	0.578869652802465	0.140085459177628	0.10083985069321	0.920922798909823	23769.4197298258	168780
ChrZ	52059556	52259558	superscaffold36	3450000	3650000	0.77857685451316	0.739745881909683	0.177219537111793	0.123627644114323	0.91391689541956	23757.4718983799	92895
ChrZ	52209556	52409558	superscaffold36	3300000	3500000	0.883129448405152	0.934016224642696	0.220138787687387	0.152991607480027	0.948690121822568	24164.5464074773	148823
ChrZ	52359556	52559558	superscaffold36	3150000	3350000	0.885111472056043	1.05835887810876	0.23617667358937	0.170211090790738	0.953250260892925	23589.2058212703	96783
ChrZ	52509556	52709558	superscaffold36	3000000	3200000	0.894401227243449	0.808758378818185	0.201344824897447	0.134754720819066	0.95489931179442	23470.3683764451	58994
ChrZ	52659556	52859558	superscaffold36	2850000	3050000	0.916144225219478	0.850336049090191	0.235934742853671	0.14030559859048	0.961556244114341	23744.3097147544	65838
ChrZ	52809556	53009558	superscaffold36	2700000	2900000	0.915770117631333	0.918405802700174	0.244847258387916	0.149306376152921	0.962224034220024	24202.538764871	74810
ChrZ	52959556	53159558	superscaffold36	2550000	2750000	0.926695591492287	0.918827730258133	0.234257274324118	0.149441347181915	0.963981021842065	22975.3145142814	52376
ChrZ	53109556	53309558	superscaffold36	2400000	2600000	0.953394432013228	0.781901082863793	0.24003694048293	0.13153541998041	0.970266716990627	24066.7334088193	111279
ChrZ	53259556	53459558	superscaffold36	2250000	2450000	0.941046843020438	0.753042498075882	0.230264860608307	0.126359354066304	0.966132236823352	23999.3854009293	140324
ChrZ	53409556	53609558	superscaffold36	2100000	2300000	0.939500170506648	0.770293891133654	0.204598180307199	0.130125874025676	0.966011935465383	23912.7701885603	139584
ChrZ	53559556	53759558	superscaffold36	1950000	2150000	0.952897249008195	0.803997657313295	0.224127851620189	0.134757188775953	0.968638983001766	21767.8156545913	34533
ChrZ	53709556	53909558	superscaffold36	1800000	2000000	0.911778253027893	0.92395694192207	0.237152632106311	0.151564734910635	0.960395536128055	23084.0217807893	79841
ChrZ	53859556	54059558	superscaffold36	1650000	1850000	0.914271355108366	0.936484460046493	0.242041146359218	0.153598985605936	0.957652335219668	23127.046680912	42587
ChrZ	54009556	54209558	superscaffold36	1500000	1700000	NA	NA	NA	NA	NA	NA	0
ChrZ	54159556	54359558	superscaffold36	1350000	1550000	NA	NA	NA	NA	NA	NA	0
ChrZ	54309556	54509558	superscaffold36	1200000	1400000	NA	NA	NA	NA	NA	NA	0
ChrZ	54459556	54659558	superscaffold36	1050000	1250000	0.888376688730482	0.954004675831636	0.245006517311609	0.156879667345553	0.944981330617787	21872.5687372709	11784
ChrZ	54609556	54809558	superscaffold36	900000	1100000	0.874714511868408	1.1918799614066	0.26977908649793	0.18944039567604	0.945155216666354	23886.1628416734	53377
ChrZ	54759556	54959558	superscaffold36	750000	950000	0.901470201826698	1.07226326581058	0.233205771773924	0.172753890076751	0.958386004375178	23718.603119477	80911
ChrZ	54909556	55109558	superscaffold36	600000	800000	0.91338562384101	0.924695002528706	0.222300709910652	0.151955906868713	0.959206548410662	22940.2552306741	53387
ChrZ	55059556	55259558	superscaffold36	450000	650000	0.886722210336674	0.900688655556807	0.203162014412791	0.148199527080284	0.950156513906092	22183.6406936156	17762
ChrZ	55209556	55409558	superscaffold36	300000	500000	0.837768675134475	0.717480857026624	0.182273259729693	0.120486371649415	0.937000745830131	24434.400296072	88492
ChrZ	55359556	55559558	superscaffold36	150000	350000	0.855155827281595	0.684849505473661	0.181763522924344	0.116326956427488	0.942815548450032	23534.0213797962	73808
ChrZ	55509556	55709558	superscaffold36	0	200000	0.983975	0.592088461538462	0.154586538461538	0.104038461538462	0.976923076923077	1715.82692307692	52
ChrZ	55709556	55909556	superscaffold62	0	200000	0.875340274179112	0.891374574833938	0.193856527064588	0.143404626183634	0.946104018467047	21989.8551844349	21227
ChrZ	55859556	56059556	superscaffold62	150000	350000	0.848632748447719	0.728750967763281	0.175259816042262	0.123148456541639	0.940638227476757	23695.437462089	90673
ChrZ	56009556	56209556	superscaffold62	300000	500000	0.875942702894061	0.868388135486073	0.207016510942814	0.142847281048892	0.94994993235811	23152.0663269822	79093
ChrZ	56159556	56359556	superscaffold62	450000	650000	0.967863948497854	1.49545278969957	0.318175536480687	0.231716738197425	0.976630901287554	2633.1330472103	466
ChrZ	56309556	56509556	superscaffold62	600000	800000	0.862869425499942	0.913645420182638	0.198732181250722	0.149772049474049	0.948567448849844	23756.1639579239	86510
ChrZ	56459556	56659556	superscaffold62	750000	950000	0.859790488021295	0.833084658385093	0.19494777284827	0.136851109139308	0.944684472049689	23561.5760958296	56350
ChrZ	56609556	56809556	superscaffold62	900000	1100000	0.878912359224006	0.913743972971009	0.197191099324275	0.149075056310397	0.951107316718739	22206.2761752525	13763
ChrZ	56759556	56959556	superscaffold62	1050000	1250000	NA	NA	NA	NA	NA	NA	0
ChrZ	56909556	57109556	superscaffold62	1200000	1400000	0.861985271950458	0.789896486006433	0.186191483846191	0.131829964956075	0.945046805242187	19717.0199222313	20831
ChrZ	57059556	57259556	superscaffold62	1350000	1550000	0.87874238536904	0.753207857609406	0.177816128020901	0.126275114304376	0.950236316133246	24122.8235271065	76550
ChrZ	57209556	57409556	superscaffold62	1500000	1700000	0.895447361198781	0.704625979087192	0.179092839695913	0.120072179378105	0.95459258446085	24415.3291160085	36437
ChrZ	57359556	57559556	superscaffold62	1650000	1850000	0.844089351105378	0.702814687018524	0.149537916084417	0.118479343580924	0.934564119101365	22685.0797233867	27909
ChrZ	57509556	57709556	superscaffold62	1800000	2000000	NA	NA	NA	NA	NA	NA	0
ChrZ	57659556	57859556	superscaffold62	1950000	2150000	NA	NA	NA	NA	NA	NA	0
ChrZ	57809556	58009556	superscaffold62	2100000	2300000	0.909461072056239	0.779436701816052	0.181395596563171	0.129942394063659	0.956672524897481	21277.6635422769	10242
ChrZ	57959556	58159556	superscaffold62	2250000	2450000	0.881854721792241	0.697313807192483	0.160968873969545	0.118809832367376	0.948144821627848	24340.482930751	166674
ChrZ	58109556	58309556	superscaffold62	2400000	2600000	0.892631247674563	0.78883623164012	0.181713795822186	0.131768838255878	0.952869545188781	24009.7691217377	112882
ChrZ	58259556	58459556	superscaffold62	2550000	2750000	0.88159513898745	0.66548295249488	0.161512476429918	0.114209059021512	0.94755459135054	24246.5507998621	98642
ChrZ	58409556	58626847	superscaffold62	2700000	2917291	0.882450046157491	0.699888994910422	0.165390069195389	0.119238769024647	0.949596755087536	24312.9899433856	122407
ChrZ	58626847	58826847	superscaffold67	0	200000	NA	NA	NA	NA	NA	NA	0
ChrZ	58776847	58976847	superscaffold67	150000	350000	0.878705429390616	0.655461243344104	0.16532605015246	0.11298593728667	0.9481823146589	21340.0316752378	21973
ChrZ	58926847	59126847	superscaffold67	300000	500000	0.813188004711226	0.743509611464923	0.169569426401202	0.124690279217711	0.931672555698961	23907.9357778107	141789
ChrZ	59076847	59276847	superscaffold67	450000	650000	0.836250175083949	0.73757763572	0.168711089448498	0.123804710740239	0.936740660193431	23985.8654847502	208757
ChrZ	59226847	59426847	superscaffold67	600000	800000	0.825273482252142	0.825205960832313	0.181683143614851	0.135351693186455	0.929153202774378	23421.1465932273	49020
ChrZ	59376847	59576847	superscaffold67	750000	950000	NA	NA	NA	NA	NA	NA	0
ChrZ	59526847	59726847	superscaffold67	900000	1100000	NA	NA	NA	NA	NA	NA	0
ChrZ	59676847	59876847	superscaffold67	1050000	1250000	NA	NA	NA	NA	NA	NA	0
ChrZ	59826847	60026847	superscaffold67	1200000	1400000	NA	NA	NA	NA	NA	NA	0
ChrZ	59976847	60176847	superscaffold67	1350000	1550000	NA	NA	NA	NA	NA	NA	0
ChrZ	60126847	60326847	superscaffold67	1500000	1700000	NA	NA	NA	NA	NA	NA	0
ChrZ	60276847	60476847	superscaffold67	1650000	1850000	NA	NA	NA	NA	NA	NA	0
ChrZ	60426847	60626847	superscaffold67	1800000	2000000	0.872143226742298	0.840003178245903	0.190831849574574	0.138157569984195	0.946907705297798	21674.432397324	46189
ChrZ	60576847	60776847	superscaffold67	1950000	2150000	0.84696522606128	0.862717568163516	0.202639466771484	0.141849426697856	0.940711450703685	23980.3560513096	104308
ChrZ	60726847	60926847	superscaffold67	2100000	2300000	0.83267171679292	0.934388515712893	0.221475633390835	0.153198529963249	0.937132528313208	22770.327878197	66665
ChrZ	60876847	61076847	superscaffold67	2250000	2450000	NA	NA	NA	NA	NA	NA	0
ChrZ	61026847	61226847	superscaffold67	2400000	2600000	0.782293761176237	0.841521994834095	0.192958136300417	0.137912278958871	0.921845320882178	21750.8007649513	20132
ChrZ	61176847	61376847	superscaffold67	2550000	2750000	0.762310462515912	0.846805518538482	0.186174356915949	0.137513446563529	0.915968324598323	24148.9933139902	87197
ChrZ	61326847	61526847	superscaffold67	2700000	2900000	0.823089125929068	0.827254154415663	0.18426376370104	0.136720330078181	0.933533205440891	24133.2452642843	103733
ChrZ	61476847	61676847	superscaffold67	2850000	3050000	0.746313282105806	0.764530812230169	0.172685649043108	0.126904761904762	0.912254172304917	24126.0900750693	124152
ChrZ	61626847	61826847	superscaffold67	3000000	3200000	0.737460592907985	0.770006856125163	0.170932695449104	0.127376968939264	0.910999286434591	23852.2813747634	169571
ChrZ	61776847	61976847	superscaffold67	3150000	3350000	0.75956283605031	0.868460880714149	0.194852220629314	0.140806890232187	0.915998433366341	23594.5948035057	135322
ChrZ	61926847	62126847	superscaffold67	3300000	3500000	0.813864099359648	0.934822032979794	0.209524212831374	0.150651190568354	0.935229210674748	23945.4163837247	90419
ChrZ	62076847	62276847	superscaffold67	3450000	3650000	0.811039586256353	1.00875576497365	0.236984114364107	0.15811679605899	0.933125837932217	23271.7824805912	64146
ChrZ	62226847	62426847	superscaffold67	3600000	3800000	0.763265486260776	1.12352902613147	0.238841536907328	0.175233028017241	0.923396282327586	24105.3780980603	74240
ChrZ	62376847	62576847	superscaffold67	3750000	3950000	0.748591774038462	0.975791412660256	0.205497141025641	0.155224198717949	0.916200641025641	23987.8888141026	124800
ChrZ	62526847	62726847	superscaffold67	3900000	4100000	0.792696062786245	1.00170116395779	0.221150253456027	0.159306686009733	0.92939415153381	23800.1503192449	118561
ChrZ	62676847	62876847	superscaffold67	4050000	4250000	0.889922372114079	1.07854608937464	0.265324244971868	0.170938239668887	0.954908232555132	24302.6535083748	77315
ChrZ	62826847	63026847	superscaffold67	4200000	4400000	0.748913055370446	1.04097196566575	0.216081625406551	0.164451616753364	0.917295232790603	23902.5798728877	100541
ChrZ	62976847	63176847	superscaffold67	4350000	4550000	0.825175509778677	0.787071754031022	0.190407149776225	0.130400343326589	0.935181533934155	24037.7123536264	81555
ChrZ	63126847	63326847	superscaffold67	4500000	4700000	0.836854630899025	0.768300116003164	0.195060429738993	0.126878460321645	0.939084629580807	23651.2772607435	75860
ChrZ	63276847	63476847	superscaffold67	4650000	4850000	0.832542800584906	0.712003546240388	0.186185873727979	0.119627570153886	0.939281301912881	23767.3592993067	100529
ChrZ	63426847	63626847	superscaffold67	4800000	5000000	0.829117582887091	0.771007165033611	0.189709858151988	0.127917853480688	0.935754528882306	23866.8673664122	70216
ChrZ	63576847	63776847	superscaffold67	4950000	5150000	0.836617626527051	0.937578352966841	0.201393797993019	0.150176265270506	0.943223821989529	23990.9139179756	45840
ChrZ	63726847	63927107	superscaffold67	5100000	5300260	0.885950833144839	0.847544161954309	0.200104801327	0.138419965317047	0.950353766116263	24066.0790771319	66315
ChrZ	63927107	64127107	superscaffold69-1	0	200000	0.873535170649204	0.802408534628562	0.199448027523599	0.132343119823063	0.946428148083901	24162.8503259754	69177
ChrZ	64077107	64277107	superscaffold69-1	150000	350000	0.891685541783652	0.647814885069278	0.17412063046406	0.111408500536419	0.950097582688489	23938.0181583693	87618
ChrZ	64227107	64427107	superscaffold69-1	300000	500000	0.812345261879705	0.717569510240427	0.172895331498421	0.119128066056828	0.929532178418198	24051.0334250789	123530
ChrZ	64377107	64577107	superscaffold69-1	450000	650000	0.885472776943713	0.914301747434225	0.21374981910364	0.14883693075074	0.95007178426981	24226.6815977948	121893
ChrZ	64527107	64727107	superscaffold69-1	600000	800000	0.87861120503259	0.888417022593382	0.223128732138381	0.140304744296816	0.947361180747054	23486.3478158686	127648
ChrZ	64677107	64877107	superscaffold69-1	750000	950000	0.866125598621338	0.75351079805734	0.196951728654238	0.122625849913834	0.94531142096193	24214.6870625098	159575
ChrZ	64827107	65027107	superscaffold69-1	900000	1100000	0.862686275967081	0.71666011492586	0.205798636841533	0.11997770365805	0.944873110249066	23420.6337780517	55166
ChrZ	64977107	65177107	superscaffold69-1	1050000	1250000	0.863813401924845	0.873442892583035	0.199143511678646	0.142956153854673	0.945137829067591	24215.1728373185	90293
ChrZ	65127107	65327107	superscaffold69-1	1200000	1400000	0.833645958590712	0.84121351521391	0.187344052848318	0.13779993136582	0.93711930908259	23975.833973919	87420
ChrZ	65277107	65477107	superscaffold69-1	1350000	1550000	0.894399957541099	0.803127092759431	0.184331237809651	0.132363103214935	0.953380657316863	23823.2068411904	75367
ChrZ	65427107	65627107	superscaffold69-1	1500000	1700000	0.84978026367124	0.722461573411795	0.171097863157553	0.121309009038299	0.941111987125301	24191.2345324794	123032
ChrZ	65577107	65777107	superscaffold69-1	1650000	1850000	0.859687145967688	0.788358178478825	0.194220373479157	0.130884166611263	0.943659829798551	23910.4095971013	120328
ChrZ	65727107	65927107	superscaffold69-1	1800000	2000000	0.85258326972357	0.678189499845519	0.169958456463661	0.11522108936263	0.940965050978682	23319.8612034967	110046
ChrZ	65877107	66077107	superscaffold69-1	1950000	2150000	0.877417339615803	0.727324697354114	0.194783474084813	0.121861906487858	0.946496919173614	23425.9753896339	55180
ChrZ	66027107	66227107	superscaffold69-1	2100000	2300000	0.857960424790328	0.705140660058817	0.18098279925934	0.118490360527176	0.942796427404422	23994.098355299	45905
ChrZ	66177107	66377107	superscaffold69-1	2250000	2450000	0.840746469039447	0.770179075179839	0.18752052047581	0.127051577413136	0.940983120974188	24344.0858056326	42538
ChrZ	66327107	66527107	superscaffold69-1	2400000	2600000	0.822469863998849	0.849242414459911	0.204955827593371	0.136559858085756	0.935322423409458	24029.5920125294	62573
ChrZ	66477107	66677107	superscaffold69-1	2550000	2750000	0.842359988123124	0.73589722213058	0.188009453113831	0.122237361573906	0.940045308083974	24112.4673440885	90933
ChrZ	66627107	66827107	superscaffold69-1	2700000	2900000	0.820116989981675	0.799595160365859	0.187665751212936	0.131349527338484	0.932408838084167	24261.8280254777	123873
ChrZ	66777107	66977107	superscaffold69-1	2850000	3050000	0.844664968781292	0.858015802261884	0.190237723095953	0.139786328562172	0.9404756435177	23743.4759527596	67908
ChrZ	66927107	67127107	superscaffold69-1	3000000	3200000	0.858666568825911	1.18556527125506	0.252359311740891	0.182515182186235	0.947492914979757	24129.7605870445	49400
ChrZ	67077107	67277107	superscaffold69-1	3150000	3350000	0.780034764939587	0.789559471057249	0.183823127835408	0.128747011173438	0.920553671597283	24058.0660769322	109993
ChrZ	67227107	67427107	superscaffold69-1	3300000	3500000	0.809615950833415	0.888559426680167	0.202671339451938	0.144429783018149	0.929081447126324	24151.822495128	91851
ChrZ	67377107	67577107	superscaffold69-1	3450000	3650000	0.83132391506867	0.707180057555549	0.18111358181835	0.118863462372137	0.937273859265613	23227.5904147873	108417
ChrZ	67527107	67727107	superscaffold69-1	3600000	3800000	0.844231458993645	0.68191123523917	0.167324997975195	0.11554386268041	0.939565071840089	23435.5817940314	185203
ChrZ	67677107	67877107	superscaffold69-1	3750000	3950000	0.861834732284753	0.632195082733477	0.157561569248387	0.108806032065065	0.94086373515939	23905.147997102	171152
ChrZ	67827107	68027107	superscaffold69-1	3900000	4100000	0.886345293270425	0.538194256766824	0.148689238639186	0.0969179041470077	0.94721271417929	23825.6992003973	100675
ChrZ	67977107	68177107	superscaffold69-1	4050000	4250000	0.830799471646991	0.633066676504742	0.152082994000387	0.10881904393265	0.933158409134894	23720.4450599961	206680
ChrZ	68127107	68327107	superscaffold69-1	4200000	4400000	0.822555595380718	0.652377325353026	0.156559180627295	0.111416275507198	0.931364475518982	23542.2740784021	203668
ChrZ	68277107	68477107	superscaffold69-1	4350000	4550000	0.827105435386431	0.656837671863065	0.154644329386848	0.11259435108673	0.930175335046177	23977.8467380737	115208
ChrZ	68427107	68627107	superscaffold69-1	4500000	4700000	0.806209545981415	0.755114855634794	0.175103861744694	0.125545536106036	0.926765223996909	24221.4428203768	152703
ChrZ	68577107	68777107	superscaffold69-1	4650000	4850000	0.833841947273008	0.77106716616524	0.184555692162308	0.127307239836458	0.936790094885443	23920.7577239065	103704
ChrZ	68727107	68927107	superscaffold69-1	4800000	5000000	0.864086572762495	0.722320858375917	0.185148465672906	0.121868728322169	0.944112985075944	23913.2677769246	113307
ChrZ	68877107	69077107	superscaffold69-1	4950000	5150000	0.84730193131102	0.808580798332098	0.201513736729568	0.13400856346079	0.939382961592398	23631.4788232973	187541
ChrZ	69027107	69227107	superscaffold69-1	5100000	5300000	0.866411890465565	0.865107421590995	0.217314035901422	0.143774976809487	0.945006706445709	23592.5071953268	159548
ChrZ	69177107	69377107	superscaffold69-1	5250000	5450000	0.941786759833696	0.965787801669536	0.254362808977815	0.159926429986683	0.967320216325072	24031.0512066781	123148
ChrZ	69327107	69527107	superscaffold69-1	5400000	5600000	0.946040382784417	0.968931083260468	0.25010546876518	0.160609346157583	0.968163703487807	23700.0519284951	102930
ChrZ	69477107	69677107	superscaffold69-1	5550000	5750000	0.950571204085392	0.927468743449844	0.235492117582048	0.154844098349202	0.969372391847001	24335.3745069519	157439
ChrZ	69627107	69905625	superscaffold69-1	5700000	5978518	0.947548157738577	1.09107288396181	0.285688520256784	0.177576738415062	0.971349732966499	24202.3504612397	222444
ChrZ	69905625	70105625	superscaffold93	0	200000	0.937884691995254	1.15537125289039	0.273067564454529	0.187915371225177	0.967876226519672	24008.48361898	115469
ChrZ	70055625	70255625	superscaffold93	150000	350000	0.959639211598819	1.31776443528365	0.312962242938118	0.210673630955169	0.975585679486579	24244.6155665902	85388
ChrZ	70205625	70405625	superscaffold93	300000	500000	0.970676693725817	1.1574555875882	0.299514733328276	0.187403838858964	0.976928154161293	17653.2820726804	13181
ChrZ	70355625	70555625	superscaffold93	450000	650000	0.891779479896554	0.92867755244137	0.222471944696183	0.151349660705997	0.954460224132977	23338.6642978714	90482
ChrZ	70505625	70705625	superscaffold93	600000	800000	0.893424835685384	0.921650173492549	0.222987465113984	0.152131964867265	0.95210989835192	23964.7170433238	253325
ChrZ	70655625	70855625	superscaffold93	750000	950000	0.929354275919495	1.11453683208135	0.272372665828077	0.179634062079229	0.964683491602296	24198.3140457799	225776
ChrZ	70805625	71005625	superscaffold93	900000	1100000	0.943845520010862	1.17839968615532	0.304155560951665	0.189322074612525	0.969552836612775	24103.2802721728	191496
ChrZ	70955625	71155625	superscaffold93	1050000	1250000	0.95928681273044	1.22801918986265	0.344513494692273	0.196475122563916	0.974187178396337	23466.0683471091	197448
ChrZ	71105625	71305625	superscaffold93	1200000	1400000	0.889866955329239	1.21061975981817	0.299704780689293	0.194304532639815	0.951303953493455	23536.8478866622	183028
ChrZ	71255625	71455625	superscaffold93	1350000	1550000	0.878642500949135	1.00489979163172	0.233324544635841	0.162632680269466	0.946667829173325	24333.8055773832	226522
ChrZ	71405625	71605625	superscaffold93	1500000	1700000	0.938557118406039	1.23764301617953	0.27706070247813	0.197221320108839	0.965778767664355	23786.2809766231	136716
ChrZ	71555625	71755625	superscaffold93	1650000	1850000	0.933071903122628	1.06134833703784	0.248624628645777	0.173514379811341	0.963540062886263	23770.5301352597	147568
ChrZ	71705625	71905625	superscaffold93	1800000	2000000	0.927257498460089	0.948772104061741	0.232592209138012	0.157486937932534	0.960951411283018	23586.0370810537	137995
ChrZ	71855625	72055625	superscaffold93	1950000	2150000	0.90530324107745	0.774056460336141	0.193386945109292	0.130896750988456	0.954147944408447	24214.3520291446	151246
ChrZ	72005625	72205625	superscaffold93	2100000	2300000	0.877377561166098	0.806526845496463	0.200483312055992	0.135188867694988	0.946570493083612	23025.0008110422	66581
ChrZ	72155625	72355625	superscaffold93	2250000	2450000	0.883073223663618	0.84282931867979	0.206115189719334	0.13939362849094	0.949303377038918	24290.3233923417	57506
ChrZ	72305625	72505625	superscaffold93	2400000	2600000	0.85171627944878	0.984336234902124	0.219683407275954	0.157164768303062	0.938625572678051	23792.166090216	55223
ChrZ	72455625	72655625	superscaffold93	2550000	2750000	0.87286705025014	0.863348373824659	0.20561519667467	0.142447671528446	0.943844331390737	23950.8130347869	94547
ChrZ	72605625	72805625	superscaffold93	2700000	2900000	0.888394957450749	0.826434079366781	0.195868374160469	0.138774698548549	0.948247536237535	24194.4143702418	102587
ChrZ	72755625	72955625	superscaffold93	2850000	3050000	0.936311054379356	0.664555383464371	0.2236646750758	0.115792589286886	0.962096420649192	23435.064591072	76187
ChrZ	72905625	73105625	superscaffold93	3000000	3200000	0.849251642899648	0.622536067795152	0.153049831157379	0.108465360376831	0.9366057255931	23782.7261881717	139479
ChrZ	73055625	73255625	superscaffold93	3150000	3350000	0.812623302879068	0.748903606885079	0.171052590624916	0.124936810754246	0.928741246075827	24149.7343636803	149076
ChrZ	73205625	73405625	superscaffold93	3300000	3500000	0.823592682380081	0.6760951298741	0.155570127938114	0.114748912790958	0.926329981699837	23770.6618464009	245353
ChrZ	73355625	73555625	superscaffold93	3450000	3650000	0.82585757310356	0.666175602446235	0.152606368717346	0.113246425823174	0.927095905390628	23519.6244734924	197528
ChrZ	73505625	73705625	superscaffold93	3600000	3800000	0.819916849310901	0.638922513006176	0.14980844017159	0.109852201162189	0.92644516109404	23575.2854848033	164345
ChrZ	73655625	73855625	superscaffold93	3750000	3950000	0.814340343815196	0.695397881334545	0.155158014923615	0.117386853085672	0.926127094690087	23685.8045965408	237744
ChrZ	73805625	74005625	superscaffold93	3900000	4100000	0.834290843331421	0.792205034380119	0.176981294222311	0.12981467162206	0.930880330581261	23007.0805500819	120273
ChrZ	73955625	74155625	superscaffold93	4050000	4250000	0.847896310640662	0.72765525398099	0.172927645249558	0.1227462658931	0.93692676830021	23017.6604071514	194424
ChrZ	74105625	74305625	superscaffold93	4200000	4400000	0.891043339272367	0.699981087548245	0.180486622601861	0.119750372560726	0.949617567002167	23429.4736856951	212717
ChrZ	74255625	74455625	superscaffold93	4350000	4550000	0.86137198639381	0.724861280374231	0.179457528290249	0.121144861953355	0.943841977660932	24329.3056385077	163749
ChrZ	74405625	74605625	superscaffold93	4500000	4700000	0.906916730939077	1.06099623547312	0.262840022036255	0.168070690906547	0.95838199672954	23384.7508241734	114357
ChrZ	74555625	74755625	superscaffold93	4650000	4850000	0.844883615363106	0.644817900471753	0.164463764736657	0.111339626385719	0.937493347645292	24060.6947178049	221726
ChrZ	74705625	74889216	superscaffold93	4800000	4983591	0.781704527738928	0.82138263962704	0.196586772960373	0.134551888111888	0.921532680652681	23982.5973799534	107250
ChrZ	74889216	75089216	superscaffold63	0	200000	0.897094931598765	0.868203288915506	0.215963404923114	0.144286126222045	0.954015793005163	23808.869923974	180333
ChrZ	75039216	75239216	superscaffold63	150000	350000	0.937190201058201	0.868395774493706	0.218796911512498	0.145072505017333	0.965512789636928	24145.5762671045	137025
ChrZ	75189216	75389216	superscaffold63	300000	500000	0.894621063347411	0.881739902200489	0.214946044898866	0.146750388975328	0.951963636363636	24319.6450766837	112475
ChrZ	75339216	75539216	superscaffold63	450000	650000	0.942258969057956	1.08879770243264	0.271564195437944	0.176416373785404	0.966193921852388	24557.6501412721	72555
ChrZ	75489216	75689216	superscaffold63	600000	800000	0.916170937862277	1.06147158126594	0.251602137723163	0.171991769070253	0.957339554834222	23745.4039995363	86260
ChrZ	75639216	75839216	superscaffold63	750000	950000	0.846152854403681	0.717563713664834	0.167879135370063	0.120854045762495	0.937742911926371	24116.3687281094	195575
ChrZ	75789216	75989216	superscaffold63	900000	1100000	0.820783245522154	0.694234124855976	0.158752093327747	0.116735152403897	0.928796794804651	23903.4659526553	190940
ChrZ	75939216	76139216	superscaffold63	1050000	1250000	0.844595339966965	0.697445033952809	0.168347578219133	0.118325739500962	0.938216739413187	24166.2245513521	250642
ChrZ	76089216	76289216	superscaffold63	1200000	1400000	0.87897125534848	0.745557117711876	0.184497906401004	0.125888217364135	0.949774374042998	23618.2283258363	209639
ChrZ	76239216	76439216	superscaffold63	1350000	1550000	0.835956029551583	0.611839726928412	0.147278691687838	0.106013622406833	0.932729126077401	24079.3838494989	320795
ChrZ	76389216	76582141	superscaffold63	1500000	1692925	0.875030256267308	0.764385865541918	0.19007513183509	0.128078680643776	0.947032316733232	23575.5273494978	218834
ChrZ	76582141	76782141	superscaffold88	0	200000	0.896937846859438	0.723737515774048	0.176475422337409	0.121632630907635	0.955457888380802	24320.3836248423	73697
ChrZ	76732141	76932141	superscaffold88	150000	350000	0.936562506844215	0.825190085196785	0.229636577673624	0.138400972426028	0.965078297816422	23563.9930791301	45659
ChrZ	76882141	77082141	superscaffold88	300000	500000	0.958396775884666	1.02225465559924	0.31615373525557	0.167582641619339	0.973446920052425	23544.2431047037	34335
ChrZ	77032141	77206255	superscaffold88	450000	624114	0.958948466550135	0.873497739551883	0.24274798982997	0.148095502939774	0.970794930875576	24084.3232957254	25172
ChrZ	77206255	77406255	superscaffold83	0	200000	0.95721355616928	0.882965773698319	0.266625497522541	0.147831289091057	0.97076963691008	23961.3090894322	123110
ChrZ	77356255	77556255	superscaffold83	150000	350000	0.972808234497723	0.726381640222925	0.236758698615529	0.126451654781665	0.973261343298807	23955.259136305	107839
ChrZ	77506255	77706255	superscaffold83	300000	500000	0.967575830506384	0.840133751927466	0.259372071794239	0.141981002898908	0.97352815641769	23837.2776413989	81065
ChrZ	77656255	77856255	superscaffold83	450000	650000	0.940940416924201	1.0224702459216	0.276989106778296	0.166349572025248	0.967523552658688	24001.021145886	53391
ChrZ	77806255	77988761	superscaffold83	600000	782506	0.953820926362111	1.12343302351166	0.299284199094512	0.178944866786082	0.973627029237952	23960.1184186401	70901
ChrZ	77988761	78188761	superscaffold92	0	200000	0.933188691727169	0.666276308750478	0.194979989014138	0.115059466946886	0.961361769201376	23951.8255875048	41872
ChrZ	78138761	78338761	superscaffold92	150000	350000	0.961631969765005	0.757414346654692	0.2182198593025	0.130292770543332	0.970332135907798	24016.9658434366	66810
ChrZ	78288761	78488761	superscaffold92	300000	500000	0.880289730913359	0.998096665763691	0.217201900763014	0.155850602736015	0.949656417896971	22450.7014086415	44298
ChrZ	78438761	78638761	superscaffold92	450000	650000	0.836366822922028	0.943639988439215	0.202914003594929	0.149741466002581	0.93818559019392	23665.1539564016	126289
ChrZ	78588761	78788761	superscaffold92	600000	800000	0.869800528582849	0.69807837344438	0.184736046248016	0.118819697168562	0.949637747735923	23340.4915581859	83809
ChrZ	78738761	78938761	superscaffold92	750000	950000	0.863869554055147	0.698835044877497	0.204455411579203	0.120590078434544	0.949311069782486	22933.6726368562	49468
ChrZ	78888761	79088761	superscaffold92	900000	1100000	0.822564495864233	0.770852761694238	0.197010039931546	0.129593482601255	0.940091343411295	23741.9374572162	140240
ChrZ	79038761	79238761	superscaffold92	1050000	1250000	0.850718486891436	0.734443160181565	0.193851347343474	0.122793603716994	0.941761387981361	23923.1825926571	298736
ChrZ	79188761	79388761	superscaffold92	1200000	1400000	0.868141682557367	0.737360608917361	0.16922686778223	0.123998350223898	0.945136267220877	22557.8422214128	93346
ChrZ	79338761	79538761	superscaffold92	1350000	1550000	0.853638605448768	0.689836567973958	0.160918534917067	0.117652980158115	0.936661951635405	21259.7228917997	103216
ChrZ	79488761	79688761	superscaffold92	1500000	1700000	0.865622261730693	0.691798325967034	0.1698390394457	0.118112953608933	0.940736657583411	24049.9405157517	240736
ChrZ	79638761	79838761	superscaffold92	1650000	1850000	0.864117954057831	0.719274161762101	0.16913463693089	0.121630848571935	0.942176918685904	23562.1008247544	254015
ChrZ	79788761	79988761	superscaffold92	1800000	2000000	0.857979847772064	0.752273472953753	0.174084705937515	0.125519247300064	0.939351327696419	24151.8763890408	319915
ChrZ	79938761	80138761	superscaffold92	1950000	2150000	0.870785482741371	0.674285274065604	0.1717208004002	0.115021224898163	0.942090330879726	19471.9046809119	69965
ChrZ	80088761	80288761	superscaffold92	2100000	2300000	0.838351948558204	0.58222907894321	0.139475053116956	0.101612683451039	0.931678846984537	23877.3433515131	284749
ChrZ	80238761	80438761	superscaffold92	2250000	2450000	0.82038223076612	0.607861223042395	0.145909275002566	0.105042009226165	0.926947246614843	23679.4137807681	321477
ChrZ	80388761	80588761	superscaffold92	2400000	2600000	0.797721465760924	0.630674085784834	0.154041993005821	0.107463939756209	0.919979050981531	22551.1565087204	179006
ChrZ	80538761	80738761	superscaffold92	2550000	2750000	0.820138245619813	0.640069194770122	0.156425420893163	0.109733335528916	0.927595343169543	23579.401030826	303640
ChrZ	80688761	80871604	superscaffold92	2700000	2882843	0.82864540381996	0.824168499257058	0.182493472170629	0.135276591134225	0.934846303863299	23061.6621084076	129216
