Scaffold	Locus_start	Locus_end	Mean_rho	Median	L95	U95
superscaffold54	157	253799	 150.52796	 150.45304	 143.93477	 157.67429
superscaffold54	224432	402130	 150.54804	 150.45653	 144.96528	 156.58788
superscaffold54	362119	547564	 151.30903	 151.21149	 145.16378	 157.64038
superscaffold54	511128	707273	 141.44911	 141.26578	 135.36825	 148.36880
superscaffold54	660446	838557	 191.99469	 191.94423	 182.99890	 201.09814
superscaffold54	800825	972420	 165.99487	 165.88443	 158.35967	 173.82046
superscaffold54	942906	1130061	 134.60361	 134.57669	 129.15230	 140.29454
superscaffold54	1076216	1318198	 112.73618	 112.72092	 108.13530	 117.48613
superscaffold54	1265195	1450266	 118.30853	 118.28934	 113.42527	 123.35204
superscaffold54	1425560	1606682	 122.18720	 122.09969	 117.43944	 127.39432
superscaffold54	1567281	1777309	 175.71607	 175.47968	 164.59930	 188.48326
superscaffold54	1740483	1914463	 155.04201	 154.92659	 148.05296	 162.69049
superscaffold54	1878881	2049907	 140.55578	 140.40782	 134.28436	 147.91030
superscaffold54	2013264	2180083	 123.09621	 122.99828	 118.12801	 128.51462
superscaffold54	2154514	2325295	 162.84497	 162.69152	 155.46634	 170.95352
superscaffold54	2274978	2467221	 145.63644	 145.51076	 139.13076	 152.71718
superscaffold54	2431237	2587657	 152.45867	 152.28635	 146.49056	 159.03218
superscaffold54	2561144	2724106	 201.34342	 201.23779	 192.67654	 210.15075
superscaffold54	2681404	2822814	 178.70138	 178.57061	 170.66623	 187.67270
superscaffold54	2802725	2924973	 196.84273	 196.70966	 188.67446	 205.45258
superscaffold54	2897417	3028446	 145.12052	 145.11703	 139.63407	 150.85783
superscaffold54	2998824	3147963	 198.38418	 198.37746	 188.17213	 208.75125
superscaffold54	3119738	3285601	 195.81562	 195.66398	 184.32070	 207.35222
superscaffold54	3255287	3369698	 212.08894	 211.82891	 200.01042	 225.13027
superscaffold54	3344160	3471677	 202.80811	 202.74948	 193.89713	 212.02368
superscaffold54	3444972	3597554	 211.02075	 210.94711	 200.28087	 222.29521
superscaffold54	3559380	3730611	 100.53555	 100.49966	  96.09390	 105.29034
superscaffold54	3693882	3884895	 188.94048	 188.78364	 178.10488	 201.10328
superscaffold54	3852794	4037196	 167.41759	 167.26224	 159.26846	 176.41673
superscaffold54	3993137	4162442	 227.53040	 227.49428	 218.49197	 237.09483
superscaffold54	4134331	4286477	 224.52997	 224.44623	 214.72670	 235.34059
superscaffold54	4259692	4400330	 188.84072	 188.78609	 180.87053	 197.10114
superscaffold54	4374228	4502935	 178.60027	 178.53149	 171.33448	 186.12384
superscaffold54	4483308	4614766	 183.12362	 182.94834	 172.77883	 194.43697
superscaffold54	4590452	4715080	 298.83109	 298.66603	 282.58854	 316.47817
superscaffold54	4680941	4906389	 191.51819	 191.36527	 182.13482	 201.48012
superscaffold54	4857053	5084995	 178.27309	 178.09810	 168.89401	 188.64918
superscaffold54	5048419	5191344	 217.69174	 217.65920	 208.94303	 226.65911
superscaffold54	5163781	5300678	 216.06154	 215.94798	 205.88246	 226.84189
superscaffold54	5275739	5461975	 193.18299	 193.06947	 183.48841	 203.11384
superscaffold54	5427895	5645276	 154.13028	 154.05023	 147.14355	 161.22529
superscaffold54	5605012	5832946	 224.92511	 224.86071	 215.20237	 235.26488
superscaffold54	5792239	6006199	 239.27487	 239.13669	 228.72363	 250.56247
superscaffold54	5960557	6236825	 198.76844	 198.65697	 189.37230	 208.49091
superscaffold54	6189118	6452017	 185.26234	 185.16393	 174.91032	 196.21433
superscaffold54	6393211	6633272	 218.45355	 218.38807	 207.58415	 230.11847
superscaffold54	6593339	6773830	 180.51158	 180.54068	 171.43538	 189.47329
superscaffold54	6739326	6994602	 136.88626	 136.71354	 129.92522	 144.24648
superscaffold54	6935653	7158951	 191.18168	 191.08435	 181.74387	 201.12900
superscaffold54	7113925	7357599	 101.76989	 101.71004	  97.28571	 106.40900
superscaffold54	7307361	7531698	 154.13929	 154.05364	 147.14620	 161.59911
superscaffold54	7482922	7781832	 138.08926	 137.97085	 129.85536	 147.19313
superscaffold54	7711257	8021530	 154.92053	 154.80724	 147.49897	 162.98180
superscaffold54	7955847	8243685	 152.86083	 152.58748	 143.44651	 163.54363
superscaffold54	8187172	8425515	 155.63445	 155.47421	 146.78292	 165.25129
superscaffold54	8392639	8561965	 187.64538	 187.56588	 178.22122	 197.85428
superscaffold54	8537259	8718067	 140.62104	 140.60780	 134.56993	 147.17764
superscaffold54	8674602	8845576	 142.04004	 141.96601	 136.37194	 148.10352
superscaffold54	8813929	8952388	 110.01398	 109.84924	 105.16372	 115.70571
superscaffold54	8920494	9043209	 137.79497	 137.73996	 131.88236	 144.03937
superscaffold54	9014576	9169308	 101.63404	 101.57281	  97.58950	 105.87323
superscaffold54	9139207	9318255	  99.73583	  99.67458	  95.64227	 103.91051
superscaffold54	9287188	9440446	 146.95884	 146.85401	 140.17151	 154.14346
superscaffold54	9413398	9557832	 129.69747	 129.61986	 124.16072	 135.60098
superscaffold54	9525585	9672477	 103.24991	 103.15626	  99.32411	 107.63469
superscaffold54	9647409	9801819	 143.85318	 143.86857	 136.86482	 151.07613
superscaffold54	9766680	9929453	 151.39400	 151.32321	 144.50319	 158.58281
superscaffold54	9900941	10072845	 158.13233	 158.07940	 150.69604	 165.81230
superscaffold54	10034625	10219525	 118.20577	 118.16116	 112.67082	 123.93896
superscaffold54	10180649	10571362	  88.24789	  88.17617	  84.24316	  92.61838
superscaffold54	10510927	10756735	  97.58693	  97.50657	  92.86506	 102.79783
superscaffold54	10715574	10909389	 145.65810	 145.56937	 139.08882	 152.72875
superscaffold54	10878490	11096385	 138.54365	 138.48541	 132.81901	 144.53435
superscaffold54	11044495	11317350	 134.97645	 134.73849	 128.01555	 143.22920
superscaffold54	11265247	11492538	 206.79827	 206.56035	 195.29647	 219.43836
superscaffold54	11450399	11650695	 205.69184	 205.52549	 196.81123	 215.28328
superscaffold54	11613154	11774854	 238.37210	 238.28169	 226.23236	 250.77221
superscaffold54	11750010	11897003	 227.32244	 227.18970	 215.28342	 240.16704
superscaffold54	11868972	12029249	 219.84321	 219.78562	 208.98850	 230.94395
superscaffold54	12013724	12134408	 223.01296	 222.84475	 212.40761	 234.52701
superscaffold54	12100261	12299394	 142.71431	 142.64422	 136.07748	 149.37552
superscaffold54	12263181	12512864	  89.60869	  89.60054	  86.08640	  93.25280
superscaffold54	12445829	12692910	  84.22376	  84.18779	  80.62199	  87.88344
superscaffold54	12646118	12894997	 165.72203	 165.62763	 158.12431	 173.88176
superscaffold54	12853375	13064948	 189.52536	 189.44754	 180.41687	 199.45472
superscaffold54	13017557	13294597	 121.28836	 121.17584	 115.07393	 128.35652
superscaffold54	13227919	13484191	  95.72428	  95.67132	  92.22272	  99.48195
superscaffold54	13432212	13658335	 117.45542	 117.42709	 113.01691	 121.99451
superscaffold54	13613916	13813902	  88.36581	  88.35637	  84.68118	  92.31911
superscaffold54	13776504	13963665	 148.19440	 148.18891	 142.86206	 153.47853
superscaffold54	13928736	14099149	 139.43635	 139.42135	 134.19205	 144.67687
superscaffold54	14072717	14227014	  85.42745	  85.39641	  82.21380	  88.70382
superscaffold54	14202538	14410143	 121.69304	 121.58340	 116.72461	 127.09414
superscaffold54	14357727	14605699	 113.61246	 113.54137	 108.61861	 119.03816
superscaffold54	14550713	14815552	  88.95540	  88.70037	  84.54406	  95.10194
superscaffold54	14775421	14996151	  96.96525	  96.94520	  93.16188	 100.94258
superscaffold54	14947430	15194118	  98.92347	  98.88022	  94.97210	 103.06048
superscaffold54	15145567	15399781	  77.22752	  77.21012	  73.87900	  80.65543
superscaffold54	15348531	15585738	 102.35297	 102.33292	  98.49011	 106.35326
superscaffold54	15544195	15731791	 106.22310	 106.20014	 102.63946	 110.01427
superscaffold54	15689144	15883388	 116.71338	 116.67908	 112.32226	 121.29977
superscaffold54	15841478	16075600	 123.06595	 122.74270	 114.21071	 133.63096
superscaffold54	16027547	16235869	 110.63080	 110.53096	 103.19295	 118.67636
superscaffold54	16189054	16371087	  71.01751	  70.96759	  67.73567	  74.46754
superscaffold54	16371109	16379085	   4.02684	   3.94175	   2.80167	   5.79289