1000 189.195 L
0.001
0.317
0.336
0.461
0.679
0.69
0.691
0.724
0.734
0.735
0.779
0.798
0.813
0.888
1.351
1.462
1.762
1.77
1.942
2.104
2.5
4.293
4.676
4.781
5.035
5.167
6.367
6.641
7.501
8.155
8.391
8.86
9.25
9.343
9.357
9.398
9.618
9.747
10.022
10.143
10.432
10.445
10.625
10.677
10.71
10.938
11.633
11.737
12.921
13.01
13.134
13.248
13.959
14.069
14.085
14.297
18.745
18.991
19.038
19.099
19.194
20.22
20.444
20.598
20.919
21.698
21.702
21.914
22.063
22.421
22.478
22.954
23.083
23.155
23.279
23.341
23.591
23.599
23.614
23.649
23.661
23.759
23.86
23.863
24.08
24.09
24.114
24.143
24.389
24.594
24.696
24.8
24.897
25.007
25.451
25.671
25.839
25.996
26.009
26.026
26.043
26.116
26.125
26.206
26.634
26.648
26.663
26.738
26.792
26.921
27.036
27.102
27.136
27.202
27.429
27.44
27.724
27.726
27.985
28.069
28.534
28.834
29.694
29.948
30.33
30.702
30.912
31.215
31.327
31.529
31.596
31.62
31.706
31.943
31.982
32.755
32.943
33.392
33.468
33.545
33.61
33.631
33.808
33.829
33.873
34.23
34.26
34.307
34.327
34.403
34.54
34.605
34.953
34.981
35.087
35.166
35.211
35.874
35.919
36.052
36.099
36.23
36.663
36.836
37.091
37.117
37.18
37.212
37.326
37.45
37.542
37.679
37.818
38.253
38.607
38.826
40.431
40.438
40.509
40.512
40.648
40.97
41.308
41.322
41.433
41.448
41.461
41.642
42.234
42.244
42.387
42.496
42.585
42.642
42.662
42.664
43.0
43.056
43.246
43.367
43.422
43.554
43.737
43.759
43.96
44.039
44.167
45.14
45.202
45.225
45.236
45.483
46.049
46.167
46.245
46.252
46.558
46.912
46.999
47.099
47.495
47.594
47.75
47.867
48.809
49.174
49.28
49.637
49.92
49.925
50.176
50.198
50.497
50.52
50.537
50.557
50.603
50.654
50.886
52.036
52.645
52.695
52.895
52.955
53.063
53.216
53.477
54.037
54.285
54.286
54.679
55.298
55.806
55.98
56.05
56.261
56.5
57.019
57.899
57.938
58.068
58.08
58.132
58.34
58.435
58.61
58.936
58.937
59.169
59.24
59.254
59.415
59.625
59.816
60.067
60.208
60.285
60.326
60.327
60.555
60.702
60.755
60.825
61.355
61.7
61.814
61.895
62.757
62.944
63.104
63.128
63.158
63.222
63.279
63.39
63.748
63.756
63.794
64.338
64.377
64.482
64.656
64.773
64.787
65.588
65.696
65.872
65.884
65.998
66.159
66.2
66.344
66.345
66.513
66.793
66.855
66.856
66.981
67.094
67.14
67.354
67.413
67.52
67.529
67.839
67.937
67.963
67.969
67.985
68.024
68.047
68.048
68.075
68.263
68.312
68.502
68.707
68.944
69.129
69.277
69.5
69.538
69.544
70.168
70.259
70.612
70.624
70.628
70.726
70.826
70.947
71.278
71.526
71.632
72.031
72.208
72.356
72.603
72.759
73.086
73.545
73.574
73.6
73.635
73.727
73.76
73.805
73.897
73.899
75.467
75.468
75.8
76.053
76.631
76.738
77.074
77.088
77.296
77.358
77.45
77.624
77.765
77.974
78.055
78.34
78.397
78.886
78.919
78.971
79.013
79.149
79.181
79.267
79.366
79.477
79.827
79.831
80.101
80.106
80.24
80.357
80.596
80.679
80.702
80.937
81.09
81.107
81.168
81.296
81.353
81.518
81.62
81.794
82.078
82.107
82.193
82.323
82.541
82.88
82.881
83.089
83.107
83.144
83.228
83.242
83.267
83.383
83.433
83.604
83.66
83.707
83.728
83.786
83.983
83.998
84.101
84.164
84.342
84.739
84.878
84.895
85.025
85.037
85.118
85.129
85.138
85.259
85.67
85.685
85.846
85.925
85.976
86.015
86.023
86.161
86.356
86.363
86.409
86.414
86.426
86.51
86.511
86.618
87.091
87.422
87.511
87.58
87.586
87.615
87.619
87.688
87.698
87.79
87.86
88.022
88.108
88.109
88.207
88.21
88.771
88.899
90.91
90.914
90.953
91.053
91.105
91.183
91.303
91.393
91.418
91.486
91.597
91.644
91.707
91.83
92.474
92.562
92.916
93.036
93.177
93.261
93.27
93.343
93.604
93.608
93.643
93.703
94.107
98.889
100.179
100.202
100.238
101.054
101.381
101.505
101.629
101.792
101.891
102.798
102.91
102.92
103.221
103.41
103.522
103.573
103.642
103.929
104.22
104.313
104.349
104.406
104.44
104.59
104.761
104.86
105.053
105.072
106.192
106.197
106.49
106.523
106.642
106.661
106.753
106.757
106.911
107.06
107.106
107.299
107.422
107.424
107.484
107.672
107.727
107.786
108.397
108.712
108.777
108.833
108.935
109.67
109.927
109.928
110.025
110.254
110.438
110.724
110.73
111.325
111.346
111.472
111.473
111.539
111.804
111.988
115.283
115.35
115.421
116.83
116.874
116.954
117.033
117.069
117.165
117.246
117.316
117.34
118.061
118.113
118.251
118.349
118.357
118.381
118.398
118.693
118.767
118.8
119.081
119.091
119.228
119.563
119.641
120.239
120.248
120.267
120.346
120.506
120.608
120.642
120.758
120.789
120.895
121.361
121.435
121.468
121.472
121.525
121.586
121.64
121.66
121.858
121.859
121.882
121.883
122.051
122.216
122.376
122.394
122.523
122.759
123.044
123.208
123.21
123.705
123.949
123.997
124.208
124.272
124.282
124.322
124.332
124.353
124.423
124.586
125.047
125.272
125.33
125.506
125.529
125.714
125.865
125.931
125.973
126.156
126.508
126.53
126.573
126.962
127.734
127.799
127.923
128.223
128.545
128.546
129.22
129.48
129.525
129.622
129.719
129.956
131.151
131.353
131.385
131.46
131.522
132.132
132.242
132.65
132.7
132.706
132.922
132.994
133.338
133.354
133.364
133.392
133.398
133.427
133.787
133.823
133.881
134.033
134.083
134.209
134.244
134.27
134.287
134.401
134.486
134.586
134.587
134.613
134.681
134.787
134.875
135.093
135.106
135.133
135.28
135.281
135.536
135.557
135.7
135.947
135.987
135.991
136.489
136.495
136.559
136.726
136.776
136.792
136.855
136.894
136.952
136.992
137.11
137.141
137.305
137.312
137.508
137.637
137.638
137.776
137.976
137.985
138.314
138.327
138.375
138.391
138.598
138.687
138.688
138.86
138.891
138.951
139.28
139.414
139.585
139.778
139.786
140.347
140.366
140.371
140.381
140.762
140.763
140.773
140.933
141.033
141.078
141.128
141.18
141.285
141.478
141.649
141.67
141.679
141.713
141.794
141.994
142.016
142.363
142.498
142.509
142.546
142.584
142.607
142.638
142.735
142.761
142.828
142.889
143.018
143.236
143.248
145.058
145.084
146.214
146.548
146.583
146.679
146.918
147.227
147.233
147.372
147.436
147.571
147.587
148.112
148.144
148.173
148.264
148.732
149.367
149.712
149.813
149.836
149.85
150.084
150.342
150.911
151.303
151.325
151.455
151.689
152.214
152.906
153.021
153.06
153.088
153.154
153.201
153.323
153.671
153.717
153.827
153.878
154.195
154.288
154.495
154.508
154.532
154.782
154.807
154.81
154.918
155.39
155.584
155.634
155.831
155.939
155.952
155.953
156.049
156.268
156.699
156.71
156.876
157.068
157.07
157.308
157.37
157.408
157.834
158.888
158.912
159.084
159.146
159.467
159.508
159.548
159.732
159.81
159.985
160.106
160.122
160.442
160.77
160.833
161.04
161.537
161.856
161.862
162.621
163.245
163.308
163.511
164.205
164.454
164.46
164.468
164.484
164.593
164.727
164.766
164.838
164.858
165.144
165.383
165.553
166.106
166.15
166.336
166.341
166.413
166.878
167.082
167.169
167.242
168.073
168.092
168.297
168.557
168.886
169.03
169.157
169.351
169.841
169.873
170.317
170.558
170.78
170.829
170.997
171.121
171.338
171.573
171.667
171.905
172.061
172.1
172.212
172.341
172.617
173.168
173.207
173.588
173.825
173.888
173.93
173.96
174.023
174.141
174.716
174.833
175.375
175.695
175.806
175.972
176.327
176.429
176.491
176.53
177.007
177.928
178.02
178.853
178.945
178.964
179.255
179.297
179.444
179.629
180.189
180.276
180.366
180.872
180.89
181.246
181.25
181.315
181.388
181.448
182.751
182.79
182.843
182.962
183.144
183.341
183.726
184.162
184.966
185.035
185.4
185.526
185.721
186.048
186.459
186.901
186.93
187.07
187.138
187.196
187.608
187.609
187.714
187.796
187.819
187.829
187.905
187.908
187.967
187.973
188.023
188.673
188.92
189.004
189.008
189.195
