1000 189195 L
1306
1622
1641
1766
1984
1995
1996
2029
2039
2040
2084
2103
2118
2193
2656
2767
3067
3075
3247
3409
3805
5598
5981
6086
6340
6472
7672
7946
8806
9460
9696
10165
10555
10648
10662
10703
10923
11052
11327
11448
11737
11750
11930
11982
12015
12243
12938
13042
14226
14315
14439
14553
15264
15374
15390
15602
20050
20296
20343
20404
20499
21525
21749
21903
22224
23003
23007
23219
23368
23726
23783
24259
24388
24460
24584
24646
24896
24904
24919
24954
24966
25064
25165
25168
25385
25395
25419
25448
25694
25899
26001
26105
26202
26312
26756
26976
27144
27301
27314
27331
27348
27421
27430
27511
27939
27953
27968
28043
28097
28226
28341
28407
28441
28507
28734
28745
29029
29031
29290
29374
29839
30139
30999
31253
31635
32007
32217
32520
32632
32834
32901
32925
33011
33248
33287
34060
34248
34697
34773
34850
34915
34936
35113
35134
35178
35535
35565
35612
35632
35708
35845
35910
36258
36286
36392
36471
36516
37179
37224
37357
37404
37535
37968
38141
38396
38422
38485
38517
38631
38755
38847
38984
39123
39558
39912
40131
41736
41743
41814
41817
41953
42275
42613
42627
42738
42753
42766
42947
43539
43549
43692
43801
43890
43947
43967
43969
44305
44361
44551
44672
44727
44859
45042
45064
45265
45344
45472
46445
46507
46530
46541
46788
47354
47472
47550
47557
47863
48217
48304
48404
48800
48899
49055
49172
50114
50479
50585
50942
51225
51230
51481
51503
51802
51825
51842
51862
51908
51959
52191
53341
53950
54000
54200
54260
54368
54521
54782
55342
55590
55591
55984
56603
57111
57285
57355
57566
57805
58324
59204
59243
59373
59385
59437
59645
59740
59915
60241
60242
60474
60545
60559
60720
60930
61121
61372
61513
61590
61631
61632
61860
62007
62060
62130
62660
63005
63119
63200
64062
64249
64409
64433
64463
64527
64584
64695
65053
65061
65099
65643
65682
65787
65961
66078
66092
66893
67001
67177
67189
67303
67464
67505
67649
67650
67818
68098
68160
68161
68286
68399
68445
68659
68718
68825
68834
69144
69242
69268
69274
69290
69329
69352
69353
69380
69568
69617
69807
70012
70249
70434
70582
70805
70843
70849
71473
71564
71917
71929
71933
72031
72131
72252
72583
72831
72937
73336
73513
73661
73908
74064
74391
74850
74879
74905
74940
75032
75065
75110
75202
75204
76772
76773
77105
77358
77936
78043
78379
78393
78601
78663
78755
78929
79070
79279
79360
79645
79702
80191
80224
80276
80318
80454
80486
80572
80671
80782
81132
81136
81406
81411
81545
81662
81901
81984
82007
82242
82395
82412
82473
82601
82658
82823
82925
83099
83383
83412
83498
83628
83846
84185
84186
84394
84412
84449
84533
84547
84572
84688
84738
84909
84965
85012
85033
85091
85288
85303
85406
85469
85647
86044
86183
86200
86330
86342
86423
86434
86443
86564
86975
86990
87151
87230
87281
87320
87328
87466
87661
87668
87714
87719
87731
87815
87816
87923
88396
88727
88816
88885
88891
88920
88924
88993
89003
89095
89165
89327
89413
89414
89512
89515
90076
90204
92215
92219
92258
92358
92410
92488
92608
92698
92723
92791
92902
92949
93012
93135
93779
93867
94221
94341
94482
94566
94575
94648
94909
94913
94948
95008
95412
100194
101484
101507
101543
102359
102686
102810
102934
103097
103196
104103
104215
104225
104526
104715
104827
104878
104947
105234
105525
105618
105654
105711
105745
105895
106066
106165
106358
106377
107497
107502
107795
107828
107947
107966
108058
108062
108216
108365
108411
108604
108727
108729
108789
108977
109032
109091
109702
110017
110082
110138
110240
110975
111232
111233
111330
111559
111743
112029
112035
112630
112651
112777
112778
112844
113109
113293
116588
116655
116726
118135
118179
118259
118338
118374
118470
118551
118621
118645
119366
119418
119556
119654
119662
119686
119703
119998
120072
120105
120386
120396
120533
120868
120946
121544
121553
121572
121651
121811
121913
121947
122063
122094
122200
122666
122740
122773
122777
122830
122891
122945
122965
123163
123164
123187
123188
123356
123521
123681
123699
123828
124064
124349
124513
124515
125010
125254
125302
125513
125577
125587
125627
125637
125658
125728
125891
126352
126577
126635
126811
126834
127019
127170
127236
127278
127461
127813
127835
127878
128267
129039
129104
129228
129528
129850
129851
130525
130785
130830
130927
131024
131261
132456
132658
132690
132765
132827
133437
133547
133955
134005
134011
134227
134299
134643
134659
134669
134697
134703
134732
135092
135128
135186
135338
135388
135514
135549
135575
135592
135706
135791
135891
135892
135918
135986
136092
136180
136398
136411
136438
136585
136586
136841
136862
137005
137252
137292
137296
137794
137800
137864
138031
138081
138097
138160
138199
138257
138297
138415
138446
138610
138617
138813
138942
138943
139081
139281
139290
139619
139632
139680
139696
139903
139992
139993
140165
140196
140256
140585
140719
140890
141083
141091
141652
141671
141676
141686
142067
142068
142078
142238
142338
142383
142433
142485
142590
142783
142954
142975
142984
143018
143099
143299
143321
143668
143803
143814
143851
143889
143912
143943
144040
144066
144133
144194
144323
144541
144553
146363
146389
147519
147853
147888
147984
148223
148532
148538
148677
148741
148876
148892
149417
149449
149478
149569
150037
150672
151017
151118
151141
151155
151389
151647
152216
152608
152630
152760
152994
153519
154211
154326
154365
154393
154459
154506
154628
154976
155022
155132
155183
155500
155593
155800
155813
155837
156087
156112
156115
156223
156695
156889
156939
157136
157244
157257
157258
157354
157573
158004
158015
158181
158373
158375
158613
158675
158713
159139
160193
160217
160389
160451
160772
160813
160853
161037
161115
161290
161411
161427
161747
162075
162138
162345
162842
163161
163167
163926
164550
164613
164816
165510
165759
165765
165773
165789
165898
166032
166071
166143
166163
166449
166688
166858
167411
167455
167641
167646
167718
168183
168387
168474
168547
169378
169397
169602
169862
170191
170335
170462
170656
171146
171178
171622
171863
172085
172134
172302
172426
172643
172878
172972
173210
173366
173405
173517
173646
173922
174473
174512
174893
175130
175193
175235
175265
175328
175446
176021
176138
176680
177000
177111
177277
177632
177734
177796
177835
178312
179233
179325
180158
180250
180269
180560
180602
180749
180934
181494
181581
181671
182177
182195
182551
182555
182620
182693
182753
184056
184095
184148
184267
184449
184646
185031
185467
186271
186340
186705
186831
187026
187353
187764
188206
188235
188375
188443
188501
188913
188914
189019
189101
189124
189134
189210
189213
189272
189278
189328
189978
190225
190309
190313
190500
