Scaffold	Start	End	midpont	pi	theta	Td	win_length	pi_resamp_mean	pi_resampl_CI_low	pi_resamp_CI_up
scaffold120	0	200000	100000.0	407.54250000000246	417.44889510645964	-0.09947300135359993	187095	407.989835	397.77363	420.2068975
scaffold120	200000	400000	300000.0	342.2049000000016	354.02823244680167	-0.13995209510499082	186077	342.544592	330.3523875	355.2931925
scaffold120	400000	600000	500000.0	370.67310000000185	365.3030169196298	0.061606793260367054	192104	370.343195	360.3885325	380.432485
scaffold120	600000	800000	700000.0	290.4066000000018	310.6203122264136	-0.272638664840821	191631	290.740197	281.4066475	300.8242925
scaffold120	800000	1010486	905243.0	308.52260000000086	317.6670525219311	-0.12060795724342899	173873	308.447254	297.424985	317.14734
scaffold1321	0	133612	66806.0	192.0432000000004	185.7520741898426	0.14170484321737548	129381	191.884437	185.86787	198.4614
scaffold1404	0	184221	92110.5	232.44340000000076	237.05234354121038	-0.0814066401817425	178844	232.364951	225.2287975	241.7850475
scaffold198	0	200000	100000.0	228.3821000000008	225.4956894565616	0.053587622827669545	181896	228.832405	220.7884425	235.666565
scaffold198	200000	400000	300000.0	267.75200000000086	260.4475213223286	0.11745553749712612	185146	267.877064	257.4724775	274.6013275
scaffold198	400000	600000	500000.0	326.5643000000017	303.29170231907534	0.3214656943829021	185155	327.213686	316.934605	337.5341825
scaffold198	600000	800000	700000.0	295.2725000000017	293.70813551717146	0.022312248764936336	177744	295.602131	286.4700825	306.4860125
scaffold198	800000	1000000	900000.0	328.4625999999998	287.22513444529534	0.6014094331547574	181771	328.732615	318.1646925	338.5375325
scaffold198	1000000	1200000	1100000.0	314.8971000000011	299.3455277535855	0.21764071342992575	189259	315.284694	304.90666	326.7187725
scaffold198	1200000	1400000	1300000.0	278.2591000000012	271.440436183336	0.10521339218083209	184453	278.287782	267.5706075	287.5029025
scaffold198	1400000	1600000	1500000.0	328.10560000000163	306.67413766092375	0.29277550046714623	189224	328.717533	317.345905	338.1945225
scaffold198	1600000	1800000	1700000.0	357.73650000000043	344.1627960330771	0.16526849325829515	190626	356.783506	345.697875	368.3664375
scaffold198	1800000	2000000	1900000.0	543.6704000000034	520.0494338091952	0.19044658411863116	189644	542.718706	528.1358575	554.144355
scaffold198	2000000	2200000	2100000.0	427.58970000000244	403.91915373906596	0.24563210237288144	192898	427.273255	418.158225	438.6395825
scaffold198	2200000	2400000	2300000.0	315.1320000000011	321.0494878637796	-0.07722621332691092	192037	316.308272	305.5649775	326.9485875
scaffold198	2400000	2600000	2500000.0	371.6176000000008	345.5721440921806	0.31582902532577434	191317	371.959164	362.6194725	380.3521575
scaffold198	2600000	2800000	2700000.0	385.99000000000024	360.79310313049854	0.29267153252235617	192468	385.952688	373.654605	397.4454775
scaffold198	2800000	3123540	2961770.0	744.6147000000082	719.3312493664314	0.14742499268386985	312371	744.634638	729.6578075	760.38644
scaffold25	0	200000	100000.0	364.1272000000007	334.86109884299395	0.36621326745079313	182818	364.491096	356.7637775	374.624045
scaffold25	200000	400000	300000.0	360.51030000000014	337.67979496120097	0.2833029206941124	191901	361.274597	350.78765	373.43295
scaffold25	400000	600000	500000.0	327.2265000000008	288.6344825043988	0.5600857853624471	193125	327.443997	321.4339925	336.0655675
scaffold25	600000	800000	700000.0	321.8419000000016	297.09057085901986	0.3490128781003426	192947	322.271669	313.6404275	329.5753675
scaffold25	800000	1000000	900000.0	312.7114000000021	295.117483576275	0.2497430031049307	193840	313.15146	305.3052725	321.1907475
scaffold25	1000000	1200000	1100000.0	316.41320000000104	308.365355331848	0.10933995597407956	185127	315.468735	306.5019225	326.2022775
scaffold25	1200000	1400000	1300000.0	337.7467000000025	325.84127126473146	0.1530913365263282	189762	338.129834	330.2958625	346.6747675
scaffold25	1400000	1600000	1500000.0	308.17890000000216	287.78887366893673	0.29678799645972087	166405	308.632705	299.714885	316.9949075
scaffold25	1600000	1800000	1700000.0	368.7629000000015	356.0013197295466	0.1502223185702894	182885	369.342084	359.4818175	378.4328625
scaffold25	1800000	2000000	1900000.0	360.71780000000217	346.4177529276427	0.17298085163663	192972	360.909668	352.14518	370.8148575
scaffold25	2000000	2288681	2144340.5	505.3203000000024	493.83555990986986	0.09750603060919961	271291	505.038025	491.4300275	516.0376075
scaffold554	0	200000	100000.0	116.7482999999994	125.15010764839168	-0.28043578751611786	172228	117.105834	109.99963	123.4586075
scaffold554	200000	400000	300000.0	193.6645000000002	216.47586187829913	-0.4410996966977266	178646	193.341555	185.17592	200.666485
scaffold554	400000	600000	500000.0	275.80500000000177	275.6684803606465	0.00207429010701077	175804	275.683275	266.318825	284.5961575
scaffold554	600000	800000	700000.0	296.72160000000173	315.97583485100694	-0.2553043938067118	187421	296.342862	286.68528	305.1134075
scaffold554	800000	1015449	907724.5	266.0184000000024	253.9645202504525	0.19876136434690214	197953	266.286882	256.791	274.9862825
superscaffold11	0	200000	100000.0	294.3770000000008	257.0650859804802	0.6078485097779113	191275	294.355983	286.980775	302.5356375
superscaffold11	200000	400000	300000.0	72.98930000000003	73.28609907338252	-0.016858786571863602	60085	73.125241	68.7464725	77.78357
superscaffold11	400000	600000	500000.0	252.34590000000182	237.33421315303107	0.2648336639180559	187779	252.230971	244.01141	262.022255
superscaffold11	600000	800000	700000.0	208.6667000000002	226.9050375156651	-0.3365062549549866	184063	208.491355	200.749505	217.3373775
superscaffold11	800000	1000000	900000.0	260.03120000000155	251.70956335588687	0.1384451409368762	192003	259.552528	252.367445	266.7264775
superscaffold11	1000000	1200000	1100000.0	323.46830000000256	317.6670525219311	0.07651377773746706	193683	323.753007	315.9386225	331.7278425
superscaffold11	1200000	1400000	1300000.0	268.2550000000013	261.57499976961145	0.10695206906309165	192589	267.715563	260.1119825	275.9770325
superscaffold11	1400000	1600000	1500000.0	310.54100000000216	317.9489221337518	-0.09761807250045004	185128	310.69128	301.138835	319.9429225
superscaffold11	1600000	1800000	1700000.0	214.21910000000102	195.89938021538788	0.39133668831445984	183260	214.008547	206.8747725	220.828195
superscaffold11	1800000	2000000	1900000.0	199.46899999999985	200.4092940045191	-0.01963547594449738	192050	199.792016	190.73406	206.25089
superscaffold11	2000000	2200000	2100000.0	262.77240000000126	250.86395452042476	0.19878421533931978	193584	263.400505	256.0375	272.8449075
superscaffold11	2200000	2400000	2300000.0	368.27000000000135	336.5523165139182	0.39489971153801523	191491	369.218357	361.395565	378.4969225
superscaffold11	2400000	2600000	2500000.0	437.6805000000023	403.6372841272452	0.3535168596188064	192004	437.47535	428.101785	447.1136125
superscaffold11	2600000	2800000	2700000.0	279.8181000000009	261.01126054597	0.3017611326145681	190259	279.571731	271.770965	287.77417
superscaffold11	2800000	3000000	2900000.0	250.73530000000233	252.55517219134896	-0.030175667166137145	190684	250.86533	242.7639025	258.9242025
superscaffold11	3000000	3200000	3100000.0	275.843900000003	268.62174006512896	0.11260608056677142	189292	276.053211	269.000195	283.1904875
superscaffold11	3200000	3400000	3300000.0	270.90410000000105	240.71664849487948	0.5250978826180397	184389	270.537537	262.4893825	279.2306975
superscaffold11	3400000	3600000	3500000.0	187.99830000000026	175.60476816429733	0.29523331160975075	186609	189.018103	180.461145	196.6358075
superscaffold11	3600000	3800000	3700000.0	217.35230000000053	239.8710396594174	-0.39308120023157556	190615	216.754355	207.59486	225.01632
superscaffold11	3800000	4000000	3900000.0	266.7392000000014	268.62174006512896	-0.02935208582411804	189384	266.826133	259.4191225	275.2972675
superscaffold11	4000000	4200000	4100000.0	256.0565000000016	251.99143296770757	0.06755411586728041	183891	255.867236	247.040425	265.372775
superscaffold11	4200000	4400000	4300000.0	227.76330000000044	240.43477888305878	-0.22067272202690769	190282	228.115275	219.4540725	237.095065
superscaffold11	4400000	4600000	4500000.0	226.10120000000077	224.65008062109948	0.02704186964151961	189842	226.133025	218.24557	235.0716075
superscaffold11	4600000	4800000	4700000.0	177.78399999999996	174.47728971701451	0.07927823068855724	185266	177.215679	167.37035	186.3607125
superscaffold11	4800000	5000000	4900000.0	207.04630000000034	186.0339438016633	0.4725793544334746	184026	207.122231	199.444395	213.82294
superscaffold11	5000000	5200000	5100000.0	255.78690000000137	262.70247821689424	-0.11024976794700937	190434	256.635	248.1173675	265.276095
superscaffold11	5200000	5400000	5300000.0	340.30860000000183	335.14296845481465	0.06458443907395967	190889	340.371324	329.3512175	351.2027425
superscaffold11	5400000	5600000	5500000.0	303.67940000000215	270.8766969596946	0.5072034689849969	187443	303.687627	295.362065	312.423455
superscaffold11	5600000	5800000	5700000.0	273.50270000000216	267.4942616178462	0.09407599570808299	186734	273.518723	264.28893	282.00795
superscaffold11	5800000	6000000	5900000.0	333.8702000000025	306.11039843728236	0.37992400887561684	190701	334.153942	325.086305	341.06174
superscaffold11	6000000	6200000	6100000.0	336.9178000000013	301.8823542599718	0.48620126020861826	187334	336.768045	327.8422025	345.56399
superscaffold11	6200000	6400000	6300000.0	295.99450000000036	258.47443403958374	0.607914669942745	185417	296.111256	287.9404525	304.6790225
superscaffold11	6400000	6600000	6500000.0	262.1744000000016	244.6628230603693	0.2997058485636223	188384	262.317483	253.9992925	270.03193
superscaffold11	6600000	6800000	6700000.0	244.72450000000197	204.07359895818823	0.833686981717403	192476	245.216428	237.3516475	252.089145
superscaffold11	6800000	7000000	6900000.0	293.4287000000012	246.91777995493493	0.7887702800169076	188567	293.504522	285.561025	299.9699225
superscaffold11	7000000	7200000	7100000.0	284.92470000000145	225.7775590683823	1.0967284352877424	188019	284.903302	277.676065	291.7264725
superscaffold11	7200000	7400000	7300000.0	229.6641000000012	180.11468195342857	1.150891148753123	188031	229.621116	222.6932	235.6566225
superscaffold11	7400000	7600000	7500000.0	190.798700000001	148.54528542950993	1.1891361226019272	190354	190.70991	185.20737	196.6747475
superscaffold11	7600000	7800000	7700000.0	245.28170000000196	191.10759681443594	1.1861626431011203	186253	245.274524	237.7427775	252.042795
superscaffold11	7800000	8000000	7900000.0	303.7391000000014	237.61608276485177	1.1651510063735302	181954	302.999498	295.840335	311.095325
superscaffold11	8000000	8200000	8100000.0	293.49740000000145	247.76338879039704	0.7729543513821883	185914	293.665844	286.1423725	301.8537325
superscaffold11	8200000	8400000	8300000.0	397.35969999999867	343.317187197615	0.6596197928018023	189821	397.264259	386.900385	407.032295
superscaffold11	8400000	8600000	8500000.0	293.93530000000123	253.11891141499038	0.6752811243775736	190387	294.354185	286.295905	301.72091
superscaffold11	8600000	8800000	8700000.0	254.66510000000218	217.32147071376122	0.7193060872242956	185593	254.891337	248.684945	261.51842
superscaffold11	8800000	9000000	8900000.0	221.721200000001	189.98011836715312	0.6990942024484986	191896	221.662221	212.1764525	228.4740575
superscaffold11	9000000	9200000	9100000.0	282.40800000000144	229.72373363387211	0.9601556078483776	187960	281.870371	275.9349575	288.8840475
superscaffold11	9200000	9400000	9300000.0	263.1364000000017	220.14016683196826	0.8176111100526523	188257	263.390801	254.49173	270.8824275
superscaffold11	9400000	9600000	9500000.0	294.6912000000003	244.3809534485486	0.8620367250249034	185524	294.298158	287.81004	299.4275275
superscaffold11	9600000	9800000	9700000.0	355.47780000000046	315.97583485100694	0.5237821884161311	186644	355.410986	346.56447	363.8604
superscaffold11	9800000	10000000	9900000.0	242.55990000000128	224.65008062109948	0.33375269325816564	177197	242.602676	233.7961675	251.089955
superscaffold11	10000000	10200000	10100000.0	315.21970000000283	289.4800913398609	0.3724699505538912	187815	314.760635	307.2000825	322.90352
superscaffold11	10200000	10400000	10300000.0	356.33100000000087	322.74070553470375	0.43607762424497293	191891	356.76884	348.8749925	366.94981
superscaffold11	10400000	10600000	10500000.0	301.9893000000019	261.85686938143215	0.641861822489209	184170	301.743196	294.991805	310.7840875
superscaffold11	10600000	10800000	10700000.0	264.7574000000024	224.65008062109948	0.7474070831693153	188370	264.71895	258.2612	271.1711175
superscaffold11	10800000	11000000	10900000.0	260.4228000000018	213.6571657600921	0.9161952330330752	192970	259.562911	254.1081425	265.776805
superscaffold11	11000000	11200000	11100000.0	187.92650000000023	164.32998369146927	0.6005275371484576	185331	188.381403	181.382985	195.6075075
superscaffold11	11200000	11400000	11300000.0	220.19620000000177	192.79881448536014	0.5946309885224884	188741	220.063383	212.3569375	226.211455
superscaffold11	11400000	11600000	11500000.0	273.92890000000233	219.29455799650614	1.042914788517865	183105	274.608349	268.99257	280.6037175
superscaffold11	11600000	11800000	11700000.0	213.68950000000189	173.067941657911	0.9818025341623751	184242	213.750797	207.1470175	219.851455
superscaffold11	11800000	12000000	11900000.0	282.86920000000123	254.5282594740939	0.466292851142752	188940	283.425929	276.1496725	290.5410475
superscaffold11	12000000	12200000	12100000.0	241.36560000000216	214.7846442073749	0.5180272695008606	187426	241.577169	235.6241475	247.81438
superscaffold11	12200000	12400000	12300000.0	329.59110000000084	286.3795256098332	0.6320567477658909	188829	329.273052	322.380275	336.7700675
superscaffold11	12400000	12600000	12500000.0	238.12940000000222	212.81155692463	0.4979722758904898	186745	237.957282	231.5873125	243.1739325
superscaffold11	12600000	12800000	12700000.0	274.69700000000057	232.54242975207913	0.7589675060530156	187472	274.574243	265.540225	284.228865
superscaffold11	12800000	13000000	12900000.0	306.8060000000018	261.85686938143215	0.7188981692225457	189633	307.043412	298.845155	314.892025
superscaffold11	13000000	13200000	13100000.0	178.95050000000063	153.33706883046187	0.6984021613294121	174986	178.642548	171.7316675	183.9875075
superscaffold11	13200000	13400000	13300000.0	227.6464000000018	175.04102894065593	1.2571638637376439	186579	227.868043	223.2029525	232.8511275
superscaffold11	13400000	13600000	13500000.0	278.7319000000016	201.8186420636226	1.594942028588604	186806	278.653872	273.4568775	283.0170725
superscaffold11	13600000	13800000	13700000.0	260.35020000000225	195.05377137992576	1.4008574364441615	187381	260.366091	255.7803225	265.1575575
superscaffold11	13800000	14000000	13900000.0	241.69760000000227	193.92629293264295	1.030816342357641	188032	241.689702	236.6418575	246.68581
superscaffold11	14000000	14200000	14100000.0	223.4905000000009	183.49711729527698	0.9118662574693566	180984	222.76772	216.681035	228.245175
superscaffold11	14200000	14400000	14300000.0	215.6659000000008	198.4362067217742	0.3633615256357528	156517	215.15506	207.70213	223.02701
superscaffold11	14400000	14600000	14500000.0	172.3137000000006	157.001373784131	0.40781525020588255	95789	171.853104	165.1557	177.179685
superscaffold11	14600000	14800000	14700000.0	316.82270000000204	278.48717647885354	0.5765905783678271	190173	316.694005	309.5367875	324.522285
superscaffold11	14800000	15000000	14900000.0	247.08470000000077	209.14725197096087	0.7592197937076577	184672	246.893923	238.530545	254.089815
superscaffold11	15000000	15200000	15100000.0	317.5457000000009	281.58774220888125	0.5348884821214202	187753	318.226632	310.394175	326.6539775
superscaffold11	15200000	15400000	15300000.0	391.75050000000033	334.86109884299395	0.7118697967063626	191215	391.669706	381.9590525	402.01559
superscaffold11	15400000	15600000	15500000.0	275.37160000000205	249.73647607314194	0.429846796140398	187158	275.125346	265.783075	283.58079
superscaffold11	15600000	15800000	15700000.0	270.71650000000227	237.89795237667246	0.5776108958437993	187541	271.037448	263.9463225	278.1862075
superscaffold11	15800000	16000000	15900000.0	274.18000000000137	255.9376075331974	0.29849290202350914	185710	274.486329	267.109595	282.38854
superscaffold11	16000000	16200000	16100000.0	332.41850000000045	290.60756978714375	0.6026907319738882	193552	332.141216	323.1484075	341.7806975
superscaffold11	16200000	16400000	16300000.0	251.28880000000183	231.97869052843774	0.34850945033664027	191430	252.090142	244.4697575	259.6154575
superscaffold11	16400000	16600000	16500000.0	250.9841000000021	231.13308169297562	0.35957903325532	187259	250.496146	243.36511	259.360925
superscaffold11	16600000	16800000	16700000.0	272.960000000002	228.0325159629479	0.8248466249111837	188407	272.933465	267.8873875	279.184095
superscaffold11	16800000	17000000	16900000.0	272.61010000000203	240.43477888305878	0.5603304680133775	190925	272.521072	265.2974975	281.61803
superscaffold11	17000000	17200000	17100000.0	195.78340000000043	197.59059788631208	-0.03827506690198587	180648	195.688294	187.028995	203.684325
superscaffold11	17200000	17400000	17300000.0	263.40790000000084	266.3667831705634	-0.04652380007272388	187016	262.802181	254.67457	271.8044275
superscaffold11	17400000	17600000	17500000.0	273.20540000000057	246.91777995493493	0.44580699336486235	192405	273.035302	264.57077	281.0725625
superscaffold11	17600000	17800000	17700000.0	261.47350000000085	250.30021529678336	0.18693142511900182	188839	260.660929	251.10504	267.774575
superscaffold11	17800000	18000000	17900000.0	269.68450000000144	252.83704180316968	0.27904042978222415	186655	269.300533	262.54347	278.4574125
superscaffold11	18000000	18200000	18100000.0	243.04910000000092	226.62316790384438	0.30344240768400577	172094	242.573705	235.5097625	249.93198
superscaffold11	18200000	18400000	18300000.0	241.43610000000027	219.29455799650614	0.4226598280355568	186202	241.409649	233.0514175	249.5662925
superscaffold11	18400000	18600000	18500000.0	290.73070000000155	257.0650859804802	0.5484466248989103	175162	290.575194	282.4011125	297.899175
superscaffold11	18600000	18800000	18700000.0	233.08750000000086	240.71664849487948	-0.13270579400052057	171635	233.029254	223.19222	242.0625175
superscaffold11	18800000	19000000	18900000.0	320.719200000002	306.11039843728236	0.19993782887952882	185405	320.752191	311.2634675	329.7692275
superscaffold11	19000000	19200000	19100000.0	284.36410000000143	275.9503499724672	0.1277088892621034	178398	284.543601	275.387095	293.56842
superscaffold11	19200000	19400000	19300000.0	230.14340000000044	255.09199869773528	-0.40957379287394663	179818	229.826594	221.9085125	238.0318875
superscaffold11	19400000	19600000	19500000.0	236.43170000000075	246.63591034311423	-0.17324863438481325	178215	236.325677	229.326405	243.629965
superscaffold11	19600000	19800000	19700000.0	322.55280000000135	310.6203122264136	0.16094310131563	185995	323.158796	313.912795	333.6680125
superscaffold11	19800000	20000000	19900000.0	220.74840000000043	196.46311943902927	0.5172861142391846	187184	220.492887	211.77249	228.1747175
superscaffold11	20000000	20200000	20100000.0	264.92310000000094	258.192564427763	0.10916951515477687	175935	264.981085	256.5245075	273.58418
superscaffold11	20200000	20400000	20300000.0	253.3717000000015	249.17273684950055	0.07056662698700013	178530	253.368914	244.9558275	261.7450075
superscaffold11	20400000	20600000	20500000.0	294.17980000000165	320.7676182519588	-0.3472888112578055	190366	294.693059	285.12534	303.6072925
superscaffold11	20600000	20800000	20700000.0	252.256000000002	238.46169160031388	0.24220923809393785	177637	252.103412	244.9058325	261.100685
superscaffold11	20800000	21000000	20900000.0	248.16000000000122	234.79738664664475	0.23828129841818557	181639	248.581373	240.7082575	257.380785
superscaffold11	21000000	21200000	21100000.0	315.86820000000245	322.17696631106236	-0.08204502101092195	189353	315.647355	305.9275175	325.7897075
superscaffold11	21200000	21400000	21300000.0	263.2162000000006	259.32004287504583	0.06292169188960738	186406	263.31024	251.9574	272.595245
superscaffold11	21400000	21600000	21500000.0	219.3512000000005	229.44186402205142	-0.184124762577905	181445	219.155568	211.322655	226.958005
superscaffold11	21600000	21800000	21700000.0	186.44880000000038	197.0268586626707	-0.22467418581560272	185750	186.526939	179.911205	192.435265
superscaffold11	21800000	22000000	21900000.0	231.89050000000123	227.4687767393065	0.08138131998127587	189832	232.671136	223.487215	239.2775875
superscaffold11	22000000	22200000	22100000.0	260.48720000000117	244.6628230603693	0.2708298821421033	186347	260.40141	251.345705	270.10657
superscaffold11	22200000	22400000	22300000.0	237.67420000000124	238.46169160031388	-0.0138272782506019	186945	237.842243	229.13497	248.0433125
superscaffold11	22400000	22600000	22500000.0	174.94559999999947	190.26198797897382	-0.33684379607405246	187359	175.030384	167.9079375	184.3737725
superscaffold11	22600000	22800000	22700000.0	178.11890000000008	186.59768302530472	-0.19011825257495837	188790	178.386955	171.8627125	184.9046025
superscaffold11	22800000	23000000	22900000.0	201.07470000000035	201.2549028399812	-0.0037472822995138493	187079	200.817023	192.46251	208.6254325
superscaffold11	23000000	23200000	23100000.0	283.29180000000133	286.9432648334746	-0.05330535977980805	192082	283.080366	274.0169875	292.9220275
superscaffold11	23200000	23400000	23300000.0	334.11270000000127	328.3780977711178	0.07317237644528234	189982	334.114472	326.24237	343.108255
superscaffold11	23400000	23600000	23500000.0	298.259300000001	289.1982217280402	0.13124759714943662	192393	298.985613	291.0871675	307.409255
superscaffold11	23600000	23800000	23700000.0	233.9191000000011	221.83138450289246	0.22811098744161903	192904	233.052668	224.6492575	242.03639
superscaffold11	23800000	24000000	23900000.0	280.0339000000016	269.1854792887704	0.1687923984538885	181938	280.495536	274.529975	288.37731
superscaffold11	24000000	24200000	24100000.0	264.2162000000009	262.98434782871493	0.01961747666753056	181203	264.178425	255.452785	272.1446225
superscaffold11	24200000	24400000	24300000.0	282.4158000000014	268.33987045330827	0.21969831521331132	183796	282.747134	274.673735	290.3724125
superscaffold11	24400000	24600000	24500000.0	292.5064000000015	279.8965245379571	0.18870764588732467	182526	293.450887	283.05612	302.496655
superscaffold11	24600000	24800000	24700000.0	230.83120000000068	239.58917004759667	-0.15305621382530785	185597	230.106642	221.567375	238.5677575
superscaffold11	24800000	25000000	24900000.0	304.0982000000016	320.7676182519588	-0.2177351445019465	189804	304.147476	293.440175	311.7318175
superscaffold11	25000000	25200000	25100000.0	278.28310000000107	273.1316538542602	0.07899680911713046	188626	277.86664	270.1973225	288.235015
superscaffold11	25200000	25400000	25300000.0	351.2542000000014	327.250619323835	0.3073341183695576	194083	350.981315	341.62101	360.5659825
superscaffold11	25400000	25600000	25500000.0	266.84470000000135	270.0310881242325	-0.04942265010106833	183507	266.428687	257.9849375	275.6705425
superscaffold11	25600000	25800000	25700000.0	247.9156000000013	231.13308169297562	0.3039965816914278	189873	247.638083	238.1977325	257.449915
superscaffold11	25800000	26000000	25900000.0	210.82480000000058	197.87246749813278	0.2739309309856886	184120	210.808693	203.0095475	217.1513325
superscaffold11	26000000	26200000	26100000.0	205.85010000000048	224.08634139745809	-0.34068819959725455	183079	205.965181	198.56462	213.5205875
superscaffold11	26200000	26400000	26300000.0	219.61010000000078	219.29455799650614	0.006023380346047889	173745	219.422521	210.35266	228.0564675
superscaffold11	26400000	26600000	26500000.0	249.76950000000127	253.40078102681107	-0.060010565690240235	190448	249.539876	240.5140575	257.5864625
superscaffold11	26600000	26800000	26700000.0	310.9367000000019	310.05657300277215	0.011892524253687031	190746	310.395002	298.7424225	319.553145
superscaffold11	26800000	27000000	26900000.0	307.7507000000021	290.04383056350235	0.2557336990639383	189488	308.071812	297.3275875	317.90713
superscaffold11	27000000	27200000	27100000.0	253.454600000001	245.22656228401073	0.1404977055399812	183616	254.345676	244.8483375	262.30611
superscaffold11	27200000	27400000	27300000.0	292.36250000000217	279.6146549261364	0.19096425568994005	183624	292.16512	282.8950175	301.391215
superscaffold11	27400000	27600000	27500000.0	404.27530000000263	398.56363111447257	0.060065859253144706	191536	403.879161	393.384325	413.3817025
superscaffold11	27600000	27800000	27700000.0	351.96570000000116	335.14296845481465	0.21032988339053282	190123	352.315984	342.2091175	361.2711875
superscaffold11	27800000	28000000	27900000.0	252.77030000000153	239.30730043577597	0.2355587586652902	187429	253.642005	246.1753375	261.8998175
superscaffold11	28000000	28200000	28100000.0	276.11980000000176	252.83704180316968	0.3856267680178239	185958	275.876306	268.3280325	283.5761075
superscaffold11	28200000	28400000	28300000.0	326.13390000000163	308.365355331848	0.24140772739159386	193351	325.505286	317.127945	333.3414375
superscaffold11	28400000	28600000	28500000.0	324.6929000000015	312.0296602855171	0.17002942259288162	191551	324.082253	316.30032	331.42835
superscaffold11	28600000	28800000	28700000.0	401.34790000000186	374.6047141097129	0.29919825349877077	191104	402.062497	390.7965225	410.224785
superscaffold11	28800000	29000000	28900000.0	368.4428000000011	334.57922923117326	0.4240987578153572	191025	368.661705	357.8028475	377.214895
superscaffold11	29000000	29200000	29100000.0	386.421500000002	354.02823244680167	0.38343721465718267	186311	386.271784	377.57343	394.72854
superscaffold11	29200000	29400000	29300000.0	317.7092000000021	293.42626590535076	0.3466751142687452	186204	317.602744	308.166565	326.8983825
superscaffold11	29400000	29600000	29500000.0	351.2067000000018	361.9205815777813	-0.12405878808081912	189319	350.384006	341.698695	358.7334575
superscaffold11	29600000	29800000	29700000.0	322.7252000000014	343.5990568094357	-0.254568738324267	186596	322.65462	310.8195625	331.578555
superscaffold11	29800000	30000000	29900000.0	312.72780000000165	328.65996738293853	-0.20311724566578193	188961	311.928422	303.0546075	321.2644875
superscaffold11	30000000	30200000	30100000.0	353.9218000000019	357.1287981768294	-0.037632046699117835	188780	354.076906	342.5173675	363.0463675
superscaffold11	30200000	30400000	30300000.0	300.6952000000016	306.67413766092375	-0.0816783492532162	182011	301.250268	291.8428325	310.011805
superscaffold11	30400000	30600000	30500000.0	365.4856000000023	361.3568423541399	0.047882401303451186	187571	364.404853	354.436085	374.00602
superscaffold11	30600000	30800000	30700000.0	435.4833000000035	434.07920220388104	0.01355957194077138	193130	435.046125	425.0474325	446.6215725
superscaffold11	30800000	31000000	30900000.0	371.41080000000113	350.64579710495326	0.24816094092504282	182561	370.966483	360.8524375	381.1862525
superscaffold11	31000000	31200000	31100000.0	388.1888000000009	376.01406216881645	0.13569922675482263	188283	388.317391	378.838715	398.65232
superscaffold11	31200000	31400000	31300000.0	352.2248000000024	354.02823244680167	-0.021347124463051547	192454	352.670364	343.51323	363.582555
superscaffold11	31400000	31600000	31500000.0	321.1476000000022	309.21096416731007	0.1617313951865161	182556	321.792423	314.1903125	332.0270825
superscaffold11	31600000	31800000	31700000.0	313.1145000000026	296.2449620235578	0.23855110163538443	189997	313.195241	305.8249275	319.8466975
superscaffold11	31800000	32000000	31900000.0	295.2979000000021	295.6812227999164	-0.0054308572475733315	186402	295.28788	287.7745225	304.57576
superscaffold11	32000000	32200000	32100000.0	348.39050000000145	342.4715783621529	0.072421882661274	184567	348.259663	339.49083	359.4561725
superscaffold11	32200000	32400000	32300000.0	263.9637000000017	257.3469555923009	0.10767562294728866	182307	263.294656	255.4701525	271.32652
superscaffold11	32400000	32600000	32500000.0	327.0451000000009	300.754875812689	0.3662051391796216	185799	327.370768	317.5001475	335.9805175
superscaffold11	32600000	32800000	32700000.0	358.68230000000193	352.6188843876982	0.0720586519039816	186331	359.068631	348.25258	368.456335
superscaffold11	32800000	33000000	32900000.0	358.5224000000026	336.5523165139182	0.27353761931976006	187009	358.220879	347.26629	365.158205
superscaffold11	33000000	33200000	33100000.0	344.16190000000256	319.07640058103465	0.3293989670331479	184992	344.434032	335.8947675	353.4889275
superscaffold11	33200000	33400000	33300000.0	353.61110000000116	345.8540137040013	0.09398644892778217	189428	353.503624	344.6825325	361.3610125
superscaffold11	33400000	33600000	33500000.0	408.4016000000013	386.1613681943617	0.24138547556700896	192102	407.419097	397.44475	415.1671125
superscaffold11	33600000	33800000	33700000.0	362.78120000000155	346.135883315822	0.20151413270261176	192818	362.330943	353.8883575	371.2872875
superscaffold11	33800000	34000000	33900000.0	360.9042000000028	342.7534479739736	0.2219040316249208	191964	360.599031	351.72776	369.25905
superscaffold11	34000000	34200000	34100000.0	365.3496000000021	358.5381462359329	0.07961435923545207	189493	366.313862	357.02162	376.54377
superscaffold11	34200000	34400000	34300000.0	320.0447000000015	323.5863143701659	-0.0458582037475899	189952	319.041671	310.6152725	328.597665
superscaffold11	34400000	34600000	34500000.0	352.3199000000018	353.4644932231603	-0.013570053633700788	188626	352.506009	343.5607825	361.069525
superscaffold11	34600000	34800000	34700000.0	304.1755000000009	318.23079174557256	-0.18505021373351835	183467	305.212251	293.71877	315.0933075
superscaffold11	34800000	35000000	34900000.0	383.15020000000203	387.2888466416445	-0.04478845034294982	182020	383.29976	373.92073	390.5268725
superscaffold11	35000000	35200000	35100000.0	312.5298000000014	315.4120956273655	-0.03828640173327679	191191	312.368981	304.1353225	320.4898875
superscaffold11	35200000	35400000	35300000.0	368.76760000000127	382.49706324069257	-0.1504386496401544	182307	369.099129	360.7093775	378.77213
superscaffold11	35400000	35600000	35500000.0	312.63720000000103	299.6273973654062	0.18189830157458534	180825	312.930225	302.9422125	322.6306725
superscaffold11	35600000	35800000	35700000.0	380.1920000000029	336.8341861257389	0.539373769976958	183137	380.314473	370.825625	387.64672
superscaffold11	35800000	36000000	35900000.0	389.96490000000153	374.3228444978922	0.1751322383989459	185331	390.540633	380.1365175	400.56822
superscaffold11	36000000	36200000	36100000.0	358.384000000002	328.3780977711178	0.3828693056361697	183019	358.234039	348.9883725	367.418895
superscaffold11	36200000	36400000	36300000.0	512.425100000004	521.176912256478	-0.07040996070631077	186375	511.65128	498.81934	524.045795
superscaffold11	36400000	36600000	36500000.0	502.5293000000023	463.9573810568755	0.34853845649908843	181740	502.423396	490.694455	514.959055
superscaffold11	36600000	36800000	36700000.0	481.730400000003	481.15142737793826	0.005044922946954015	188989	481.51082	468.0856775	494.3418725
superscaffold11	36800000	37000000	36900000.0	542.3465000000044	552.1825695567552	-0.07469459872532265	184579	542.266751	527.99955	555.532235
superscaffold11	37000000	37200000	37100000.0	596.1193000000032	574.4502688905907	0.15818171118776395	189830	594.844369	582.525145	608.1388225
superscaffold11	37200000	37400000	37300000.0	580.2088000000028	564.584832476866	0.116044119873347	181951	580.104957	568.5055625	592.9233025
superscaffold11	37400000	37600000	37500000.0	520.8543999999998	492.1443422389456	0.24458643130634022	188199	520.992638	510.66094	532.8242325
superscaffold11	37600000	37800000	37700000.0	488.2313000000007	458.0381192086407	0.27634861397061494	192609	488.438294	476.956605	498.0937925
superscaffold11	37800000	38000000	37900000.0	389.6145000000017	386.7251074180031	0.03131452657840754	189240	389.850372	379.9638275	401.03436
superscaffold11	38000000	38200000	38100000.0	315.5715000000008	313.4390083446206	0.02850449172427401	184472	315.764041	306.2931625	325.7923125
superscaffold11	38200000	38400000	38300000.0	496.40700000000186	449.58203085401965	0.4366239396030133	187700	495.730099	482.57539	507.215535
superscaffold11	38400000	38600000	38500000.0	386.08340000000254	407.30158908091437	-0.218357964702401	182322	386.843438	377.4087925	396.3509675
superscaffold11	38600000	38800000	38700000.0	344.8392000000002	353.74636283498097	-0.1055174295360857	185258	344.776649	334.97182	353.9673675
superscaffold11	38800000	39000000	38900000.0	397.18270000000194	383.3426720761547	0.1513161648968218	180404	397.435515	387.173215	406.5015675
superscaffold11	39000000	39200000	39100000.0	390.6030000000015	356.565058953188	0.40004358071958485	178467	390.476682	378.2613775	400.00825
superscaffold11	39200000	39400000	39300000.0	396.5600000000004	356.565058953188	0.4700554421029932	187199	396.195842	385.0987925	405.207865
superscaffold11	39400000	39600000	39500000.0	351.64180000000067	333.7336203957111	0.22484470805404713	187136	352.114322	341.726785	362.424315
superscaffold11	39600000	39800000	39700000.0	394.6892000000023	378.55088867520277	0.17867362860596836	184412	394.596478	384.13812	405.1819425
superscaffold11	39800000	40000000	39900000.0	367.7211000000037	392.08063004259645	-0.2604022244941965	183440	368.165128	356.5698375	377.008525
superscaffold11	40000000	40200000	40100000.0	413.04370000000273	428.1599403556463	-0.14799491142205023	181728	412.867681	401.516335	423.99724
superscaffold11	40200000	40400000	40300000.0	326.0721000000014	356.2831893413673	-0.3553474996380756	181733	325.833648	315.0504325	335.6566475
superscaffold11	40400000	40600000	40500000.0	376.58960000000224	376.57780139245784	0.00013131034831284869	174858	375.616683	366.117275	386.856355
superscaffold11	40600000	40800000	40700000.0	385.17010000000204	384.1882809116168	0.010710862111437609	164563	383.965865	372.015595	395.7336
superscaffold11	40800000	41000000	40900000.0	400.7304000000023	381.0877151815891	0.21602661964338304	188075	400.702268	388.468035	412.1651275
superscaffold11	41000000	41200000	41100000.0	353.6039000000012	354.02823244680167	-0.0050227983707609	179039	354.348807	343.7778475	365.4601525
superscaffold11	41200000	41400000	41300000.0	319.2266000000018	343.8809264212564	-0.3004277385110491	183595	319.105581	309.543155	327.848695
superscaffold11	41400000	41600000	41500000.0	391.71850000000103	379.39649751066486	0.13611820008215889	186629	393.106356	382.9014775	405.14953
superscaffold11	41600000	41821358	41710679.0	446.1863000000013	426.7505922965428	0.1909119771861964	197424	447.321126	435.12655	459.68281
superscaffold28	0	200000	100000.0	144.29999999999973	133.60619600301274	0.33445122784191705	184839	144.897562	140.2489925	149.3333075
superscaffold28	200000	400000	300000.0	274.5474000000014	237.05234354121038	0.6622659927254904	189339	274.369662	268.529855	282.122395
superscaffold28	400000	600000	500000.0	369.1179000000021	343.8809264212564	0.30752764320461407	186714	368.636106	359.9590825	378.4525575
superscaffold28	600000	800000	700000.0	271.84880000000095	253.11891141499038	0.3098740643555458	183095	271.42639	263.4506325	279.44394
superscaffold28	800000	1000000	900000.0	282.1904000000015	277.64156764339145	0.06862523569117324	187475	281.924192	272.850015	290.608885
superscaffold28	1000000	1200000	1100000.0	317.5698000000019	319.07640058103465	-0.019783248753998266	171861	317.407713	306.9379125	328.399865
superscaffold28	1200000	1400000	1300000.0	377.4468000000013	357.9744070122915	0.2279571010840777	182383	377.724359	368.8194975	386.30221
superscaffold28	1400000	1600000	1500000.0	383.6682000000032	406.4559802454522	-0.23499788676134753	185699	384.129535	370.0616425	395.6094475
superscaffold28	1600000	1800000	1700000.0	293.5703000000014	312.87526912097917	-0.25850880178794355	138043	293.261721	283.38003	304.108935
superscaffold28	1800000	2000000	1900000.0	276.40020000000135	256.7832163686595	0.3199302990768325	181479	276.072784	264.6484225	285.37479
superscaffold28	2000000	2200000	2100000.0	305.2650000000002	287.22513444529534	0.2630943772005256	175039	305.296704	297.8190175	314.341255
superscaffold28	2200000	2400000	2300000.0	347.2597000000016	324.7137928174487	0.2909214733366024	183628	347.285628	335.35635	357.453855
superscaffold28	2400000	2600000	2500000.0	348.744900000002	324.7137928174487	0.3100857752518522	180598	348.791625	340.151685	361.7653725
superscaffold28	2600000	2800000	2700000.0	303.2111000000026	305.82852882546166	-0.035855397392119855	185015	302.795254	291.60549	314.0809325
superscaffold28	2800000	3000000	2900000.0	490.764000000001	495.5267775807941	-0.04029839031579549	192830	490.571246	478.5772225	501.6634725
superscaffold28	3000000	3200000	3100000.0	346.51680000000107	354.8738412822638	-0.09868650551105038	173483	346.473706	336.6320975	357.2443075
superscaffold28	3200000	3400000	3300000.0	377.44850000000093	353.74636283498097	0.28078397515565623	177270	377.997113	369.978725	386.4409275
superscaffold28	3400000	3600000	3500000.0	277.60490000000124	292.298787458068	-0.2105846223097084	147008	277.592435	269.3771925	285.3761325
superscaffold28	3600000	3800000	3700000.0	364.8559000000023	383.06080246433396	-0.19918455088580783	161646	364.338938	353.067675	374.929595
superscaffold28	3800000	4000000	3900000.0	280.04120000000177	298.2180493063027	-0.25534061400642555	164630	280.315629	272.6238525	289.4829825
superscaffold28	4000000	4200000	4100000.0	317.1500000000011	335.98857729027674	-0.23494174339977394	145325	318.3633	310.7048275	327.923655
superscaffold28	4200000	4400000	4300000.0	343.38910000000135	338.80727340848375	0.056666864527446924	187382	344.064701	335.2783325	353.2891525
superscaffold28	4400000	4600000	4500000.0	415.1358000000033	408.71093714001785	0.06589109247791929	190557	414.42543	400.5542	425.0815525
superscaffold28	4600000	4800000	4700000.0	412.03790000000237	415.7576774355354	-0.037503080935822684	183617	411.530172	400.4024225	421.33228
superscaffold28	4800000	5000000	4900000.0	452.5476000000034	453.8100750313302	-0.011662542327788197	193635	452.463038	441.8356975	461.4303025
superscaffold28	5000000	5200000	5100000.0	408.7277000000035	422.804417731053	-0.1395606381833763	188357	408.517125	396.86572	419.6467825
superscaffold28	5200000	5400000	5300000.0	301.30980000000113	314.002747568262	-0.1693595081864835	182553	301.351462	290.9975375	310.7507225
superscaffold28	5400000	5600000	5500000.0	361.651500000002	384.7520201352582	-0.2516395770434242	191173	361.336876	349.2924475	370.3603925
superscaffold28	5600000	5800000	5700000.0	368.81320000000204	377.14154061609923	-0.09255035514352267	192531	370.184043	361.884695	380.35969
superscaffold28	5800000	6000000	5900000.0	379.502700000002	371.7860179915059	0.08698637926700231	185086	380.06952	369.23802	390.9239425
superscaffold28	6000000	6200000	6100000.0	253.40740000000156	232.54242975207913	0.37566115227368235	167657	253.461278	246.273415	261.306195
superscaffold28	6200000	6400000	6300000.0	267.6093000000016	273.9772626897223	-0.09735123043197387	181245	267.496745	258.7619375	275.43624
superscaffold28	6400000	6600000	6500000.0	328.73390000000165	334.57922923117326	-0.073205418379672	184372	328.921175	317.101585	338.4087675
superscaffold28	6600000	6800000	6700000.0	348.92200000000133	326.9687497120143	0.28132420161281485	185868	348.95344	339.462805	357.2624325
superscaffold28	6800000	7000000	6900000.0	287.61900000000105	283.8426991034469	0.055728637032708764	182005	287.563222	277.6709475	296.3330375
superscaffold28	7000000	7200000	7100000.0	342.06310000000184	321.89509669924166	0.2625125611910108	192402	342.040428	332.2194775	351.9772425
superscaffold28	7200000	7400000	7300000.0	332.3164000000024	337.1160557375596	-0.05965817001130521	193095	331.808312	321.6193225	340.5471675
superscaffold28	7400000	7600000	7500000.0	365.7781000000022	372.91349643878874	-0.0801910494522355	176141	365.58643	355.9286875	372.71196
superscaffold28	7600000	7800000	7700000.0	292.01270000000216	322.74070553470375	-0.3989186717372388	166901	292.2202	283.46762	301.70013
superscaffold28	7800000	8000000	7900000.0	264.09860000000083	289.4800913398609	-0.36728774509229745	188336	263.613802	255.089925	272.3506125
superscaffold28	8000000	8200000	8100000.0	269.4864000000012	294.55374435263354	-0.35650676855329066	192352	268.662358	257.259815	278.9776925
superscaffold28	8200000	8400000	8300000.0	317.68130000000184	324.7137928174487	-0.09074388336273836	187643	317.762673	309.7007275	327.940485
superscaffold28	8400000	8600000	8500000.0	287.08290000000187	293.99000512899215	-0.09842054159000406	186060	286.929151	277.828095	297.27821
superscaffold28	8600000	8800000	8700000.0	362.77610000000146	364.45740808416764	-0.01933301855012765	191168	362.508297	351.7534725	372.802915
superscaffold28	8800000	9000000	8900000.0	345.61860000000473	373.47723566243013	-0.31261707019344387	192873	345.753184	336.0605175	354.9830925
superscaffold28	9000000	9200000	9100000.0	361.1661000000032	355.1557108940845	0.07091916257771158	191900	361.031965	351.1803325	371.49771
superscaffold28	9200000	9400000	9300000.0	264.57850000000116	296.2449620235578	-0.44779349684397757	193018	264.782104	254.128525	273.91261
superscaffold28	9400000	9720582	9560291.0	513.6222000000024	542.5990027548513	-0.22393045217140833	304286	513.400969	500.4445725	524.8302375
superscaffold31	0	200000	100000.0	165.2018999999994	177.85972505886295	-0.2977195852973261	186005	165.040901	156.8289075	172.8992
superscaffold31	200000	400000	300000.0	239.47160000000144	219.85829722014753	0.37344098096605854	182250	239.897198	232.00409	249.09493
superscaffold31	400000	600000	500000.0	307.68950000000154	260.4475213223286	0.7596479150490334	187300	308.343028	300.42306	316.35017
superscaffold31	600000	800000	700000.0	272.6123000000024	251.42769374406618	0.35283753004787977	180229	272.454197	264.452585	281.3993875
superscaffold31	800000	1000000	900000.0	186.64479999999995	197.87246749813278	-0.23745571773406554	182931	186.179653	178.020355	193.8903325
superscaffold31	1000000	1200000	1100000.0	218.6332000000007	227.1869071274858	-0.15762480996232336	165607	218.722434	210.59573	226.3689275
superscaffold31	1200000	1400000	1300000.0	191.48980000000068	212.81155692463	-0.4193739486469018	181002	191.284348	184.3019375	198.935325
superscaffold31	1400000	1600000	1500000.0	177.06069999999943	222.95886295017527	-0.8617903922098237	192411	177.712502	169.877235	184.3513475
superscaffold31	1600000	1800000	1700000.0	294.6721000000012	309.21096416731007	-0.19698940465001874	186014	294.570855	286.1473825	305.9422975
superscaffold31	1800000	2000000	1900000.0	339.88650000000473	351.49140594041535	-0.13835626476708204	191181	340.409287	329.33774	351.14745
superscaffold31	2000000	2200000	2100000.0	298.6191000000009	290.60756978714375	0.11548355857275495	190166	299.101315	287.7209	310.265565
superscaffold31	2200000	2400000	2300000.0	289.18980000000164	314.2846171800827	-0.3345355113881861	189009	289.44511	277.4338475	298.5722625
superscaffold31	2400000	2600000	2500000.0	294.56110000000143	307.51974649638584	-0.17654244027656346	190161	294.435575	283.300445	304.1078175
superscaffold31	2600000	2800000	2700000.0	215.57010000000093	210.55660003006437	0.09966262434783205	111970	214.828544	207.5930725	223.4241875
superscaffold31	2800000	3000000	2900000.0	270.1715000000015	267.2123920060255	0.046380437650287897	193643	270.489824	263.7912725	278.31231
superscaffold31	3000000	3200000	3100000.0	254.30709999999982	268.05800084148757	-0.21485040204378364	193691	254.237324	244.7064525	262.511805
superscaffold31	3200000	3400000	3300000.0	173.06740000000013	171.0948543751661	0.04822324638774641	192664	173.115072	165.2847125	180.7876725
superscaffold31	3400000	3600000	3500000.0	228.97410000000121	239.8710396594174	-0.1902141143313563	194527	228.456964	221.212945	237.8269225
superscaffold31	3600000	3800000	3700000.0	99.24589999999971	95.27192879539727	0.17397337053162656	62686	99.330617	94.00975	104.534555
superscaffold31	3800000	4000000	3900000.0	98.00519999999975	99.2181033608871	-0.05099993139397448	85452	98.319347	93.3285525	104.29996
superscaffold31	4000000	4200000	4100000.0	237.36430000000013	241.2803877185209	-0.06795993286236846	191480	238.071176	229.696845	247.9370075
superscaffold31	4200000	4400000	4300000.0	164.03870000000018	169.12176709242118	-0.12571132148183567	193736	163.750385	155.7741825	172.1446625
superscaffold31	4400000	4751311	4575655.5	377.2533000000018	389.26193392438944	-0.12929980531944732	325754	377.270259	366.8265175	386.26241
superscaffold44	0	200000	100000.0	210.29410000000027	228.3143855747686	-0.3304362835065129	181532	209.726996	200.8523	216.8257775
superscaffold44	200000	400000	300000.0	387.4089000000024	391.79876043077576	-0.04696110778017868	188927	387.295413	376.4707575	396.2485425
superscaffold44	400000	600000	500000.0	331.8704000000013	334.57922923117326	-0.03392468915686384	192371	331.847306	322.497575	342.30346
superscaffold44	600000	800000	700000.0	231.308700000001	230.2874728575135	0.01856613264835291	194088	230.842574	221.8233625	238.67777
superscaffold44	800000	1000000	900000.0	351.6628000000021	361.07497274231923	-0.10924076544779436	185014	351.873897	343.353065	362.8053775
superscaffold44	1000000	1200000	1100000.0	295.33080000000103	311.7477906736964	-0.22062997611225751	179893	295.060458	286.8104125	304.7634025
superscaffold44	1200000	1400000	1300000.0	295.0912000000018	318.79453096921395	-0.31152430693432254	191077	295.822276	286.0593475	304.3950175
superscaffold44	1400000	1600000	1500000.0	266.4098000000008	264.95743511145986	0.02295734667307094	186108	266.375962	256.856335	275.4309775
superscaffold44	1600000	1800000	1700000.0	301.967100000001	292.5806570698887	0.134391956943288	187078	302.649737	293.63814	311.8520625
superscaffold44	1800000	2000000	1900000.0	336.8574000000028	359.94749429503645	-0.2688292064545243	183757	336.648684	326.1696125	347.72509
superscaffold44	2000000	2200000	2100000.0	279.0187000000011	288.3526128925781	-0.13559517117236655	193699	279.511415	270.6641325	288.2805175
superscaffold44	2200000	2400000	2300000.0	281.3813999999999	292.86252668170937	-0.16422506155027852	188361	281.566702	272.2593025	289.9943825
superscaffold44	2400000	2600000	2500000.0	271.8782000000011	269.1854792887704	0.04189649344485103	191324	272.257531	265.5435375	280.3459725
superscaffold44	2600000	2800000	2700000.0	237.72830000000073	242.9716053894451	-0.09036077176744672	193856	238.332933	228.371065	246.98799
superscaffold44	2800000	3000000	2900000.0	281.8216000000023	276.2322195842879	0.08475255540440008	192382	281.743692	274.1439025	290.8327625
superscaffold44	3000000	3200000	3100000.0	225.76880000000094	211.1203392537058	0.2904193052031904	188595	226.248186	218.88922	232.9560225
superscaffold44	3200000	3400000	3300000.0	279.7879000000011	295.6812227999164	-0.2251741021802965	193565	278.767046	269.55366	287.4454975
superscaffold44	3400000	3600000	3500000.0	256.98550000000165	274.54100191336374	-0.2678326435143301	194643	256.667281	248.58831	268.0236175
superscaffold44	3600000	3800000	3700000.0	348.09520000000134	378.2690190633821	-0.3343148107549187	196467	349.235112	340.5307425	361.8359275
superscaffold44	3800000	4000000	3900000.0	299.7322000000013	319.35827019285534	-0.2574839067600808	192113	299.054313	288.6540675	309.503655
superscaffold44	4000000	4200000	4100000.0	326.6773000000013	335.14296845481465	-0.10584387286577607	195406	326.529309	316.1458475	334.692865
superscaffold44	4200000	4400000	4300000.0	262.7944000000014	254.5282594740939	0.1360026224340933	191102	263.462733	252.5389075	275.83392
superscaffold44	4400000	4600000	4500000.0	307.3896000000019	300.19113658904763	0.10045766500604957	192703	308.534056	300.6233	317.9279125
superscaffold44	4600000	4800000	4700000.0	294.434600000001	311.4659210618757	-0.22909276334847245	188792	294.73756	285.924425	303.8458675
superscaffold44	4800000	5000000	4900000.0	252.77980000000048	239.58917004759667	0.2305223547824083	172369	252.804478	244.47923	262.1490075
superscaffold44	5000000	5200000	5100000.0	238.5090000000015	261.29313015779076	-0.36518446981873925	191921	238.204615	230.0834175	246.582965
superscaffold44	5200000	5400000	5300000.0	199.74170000000092	211.1203392537058	-0.22559206482186228	194029	199.609638	193.1411375	207.452145
superscaffold44	5400000	5600000	5500000.0	271.187800000002	272.5679146306188	-0.021207565301058592	192150	270.491267	263.9440575	276.6997425
superscaffold44	5600000	5800000	5700000.0	271.6380000000009	284.9701775507297	-0.1959724313440512	185405	272.289145	263.43784	281.81253
superscaffold44	5800000	6000000	5900000.0	228.85210000000083	242.4078661658037	-0.23415589203785855	178190	228.526171	221.3492875	236.5870125
superscaffold44	6000000	6200000	6100000.0	222.5379000000006	230.56934246933423	-0.1458353576967081	188421	222.098962	212.806865	231.80681
superscaffold44	6200000	6400000	6300000.0	262.7584000000007	263.8299566641771	-0.01701017427862665	190699	262.778489	254.174395	273.9719875
superscaffold44	6400000	6600000	6500000.0	289.5708000000016	258.47443403958374	0.5038353895536791	192452	289.55351	281.8272125	298.16121
superscaffold44	6600000	6800000	6700000.0	304.1298000000027	301.6004846481511	0.03513308396928909	190176	303.361404	294.4534175	311.96393
superscaffold44	6800000	7000000	6900000.0	257.43270000000126	271.1585665715153	-0.21201261500595409	190757	257.416377	249.4691925	266.67652
superscaffold44	7000000	7200000	7100000.0	296.59610000000185	290.04383056350235	0.09463197920269072	194678	296.143841	287.4957	304.8297275
superscaffold44	7200000	7400000	7300000.0	299.1304000000012	300.4730062008683	-0.018719108858770508	180568	299.306245	291.0242	309.5148025
superscaffold44	7400000	7600000	7500000.0	292.1573000000016	278.76904609067424	0.20116467146789815	186313	292.775873	283.1325675	301.6289525
superscaffold44	7600000	7800000	7700000.0	235.5790000000006	250.58208490860406	-0.2507231475563235	189033	235.261113	227.3876925	245.24874
superscaffold44	7800000	8000000	7900000.0	216.34370000000038	246.0721711194728	-0.505887916879522	192135	216.165306	206.70552	224.2669925
superscaffold44	8000000	8200000	8100000.0	186.8486999999999	200.69116361633982	-0.28865736573569706	192507	186.626681	179.2926675	195.1805375
superscaffold44	8200000	8400000	8300000.0	181.22740000000013	191.67133603807736	-0.22800355831713956	146434	181.239993	173.659845	187.69426
superscaffold44	8400000	8600000	8500000.0	209.03470000000007	216.75773149011982	-0.1491453932345793	101317	209.384849	201.2532375	217.6203325
superscaffold44	8600000	8800000	8700000.0	302.0100000000016	313.1571387327999	-0.14913491229028505	188425	301.891634	290.1052	313.19772
superscaffold44	8800000	9000000	8900000.0	265.5188000000013	259.8837820986872	0.09080680240313091	190987	265.031138	255.482775	274.3242525
superscaffold44	9000000	9200000	9100000.0	203.9452000000008	217.03960110194052	-0.25254856253640606	85831	204.242438	195.838255	212.6359875
superscaffold44	9200000	9400000	9300000.0	294.5847000000012	323.30444475834514	-0.3721980468142219	153711	295.147324	286.3064475	302.9925225
superscaffold44	9400000	9600000	9500000.0	258.2817000000014	274.54100191336374	-0.24805738022442245	192651	258.061686	250.08477	266.2317875
superscaffold44	9600000	9842373	9721186.5	319.5481000000015	329.5055762184006	-0.12662147135336363	229952	318.379976	307.87207	327.9953175
superscaffold57	0	200000	100000.0	211.35420000000107	193.64442332082226	0.3826986614510064	187139	211.570005	204.540925	218.562795
superscaffold57	200000	400000	300000.0	202.05490000000097	196.74498905084997	0.11294168044148299	190463	202.144802	196.0844075	209.37046
superscaffold57	400000	600000	500000.0	294.9382000000018	273.4135234660809	0.32973881770907937	193476	294.216596	286.4919025	302.2154525
superscaffold57	600000	800000	700000.0	221.91450000000142	231.696820916617	-0.17676583887360184	186372	222.088444	214.59818	228.9062425
superscaffold57	800000	1000000	900000.0	269.95220000000114	284.40643832708827	-0.21288605922929596	192729	270.642008	262.567225	278.9073
superscaffold57	1000000	1200000	1100000.0	292.71760000000165	291.73504823442653	0.01410853807416729	188833	292.347304	284.9170275	302.00798
superscaffold57	1200000	1400000	1300000.0	271.3502000000009	259.8837820986872	0.18477824966509834	190657	271.147012	260.9821975	282.948125
superscaffold57	1400000	1600000	1500000.0	235.0741000000015	235.64299548210684	-0.01010820100318367	192415	235.40773	227.7802275	241.9213225
superscaffold57	1600000	1800000	1700000.0	233.44760000000156	230.56934246933423	0.05226355267199473	188635	233.944126	225.961795	240.7897125
superscaffold57	1800000	2000000	1900000.0	222.78620000000095	211.96594808916788	0.2136682099792001	181708	222.870914	215.65572	230.56696
superscaffold57	2000000	2200000	2100000.0	252.53340000000108	198.4362067217742	1.1408699136292424	190231	252.713453	246.8839525	258.8108075
superscaffold57	2200000	2400000	2300000.0	178.0924000000003	176.16850738793875	0.04568398846601974	186757	178.25847	169.88263	184.8750075
superscaffold57	2400000	2600000	2500000.0	189.73310000000103	177.29598583522156	0.29345523244377436	190812	190.064858	184.67742	196.44252
superscaffold57	2600000	2800000	2700000.0	179.59200000000058	157.5651130077724	0.5845543612268546	189506	179.63705	173.5943475	186.3328
superscaffold57	2800000	3000000	2900000.0	234.57050000000154	205.48294701729174	0.5924614384085584	191082	234.259765	226.614755	241.2350425
superscaffold57	3000000	3200000	3100000.0	321.4278000000027	308.92909455548937	0.1695011705394537	193597	321.247459	311.2029825	331.05425
superscaffold57	3200000	3400000	3300000.0	298.49160000000194	273.9772626897223	0.3747667843959755	187007	299.066438	290.4597675	307.9336025
superscaffold57	3400000	3600000	3500000.0	433.2691000000005	392.08063004259645	0.44030279655094634	192307	433.510392	422.81818	443.873655
superscaffold57	3600000	3800000	3700000.0	267.78310000000135	218.44894916104403	0.9453745822120982	192712	267.738186	261.1646275	273.35638
superscaffold57	3800000	4000000	3900000.0	305.00120000000123	267.4942616178462	0.5872578446908916	188778	304.711717	296.89423	311.9001025
superscaffold57	4000000	4200000	4100000.0	352.1734000000019	328.65996738293853	0.2997698652375995	190035	351.411065	344.0228325	358.2091175
superscaffold57	4200000	4400000	4300000.0	373.5474000000013	341.0622303030494	0.3991168116049303	186297	374.216821	363.26861	384.429625
superscaffold57	4400000	4600000	4500000.0	298.4476000000024	297.37244047084056	0.01514624035184667	183501	298.738665	288.8126525	307.4848275
superscaffold57	4600000	4800000	4700000.0	353.7353000000013	329.7874458302213	0.3042664237077153	189630	352.838365	344.5381575	362.847825
superscaffold57	4800000	5000000	4900000.0	474.606	429.5692884147498	0.4394854854694754	191338	474.772513	463.621115	483.098715
superscaffold57	5000000	5200000	5100000.0	348.9449000000016	314.002747568262	0.4662262818775183	186657	349.068372	338.8359525	357.6606275
superscaffold57	5200000	5400000	5300000.0	290.732000000002	272.2860450187981	0.28374297916367736	186502	290.516858	282.4629425	298.544515
superscaffold57	5400000	5600000	5500000.0	394.0878999999999	359.6656246832157	0.40107902864826406	193330	394.757168	383.0708525	405.3193775
superscaffold57	5600000	5800000	5700000.0	417.8764000000013	395.18119577262416	0.24071013812941489	190857	418.350362	408.5240925	429.070445
superscaffold57	5800000	6000000	5900000.0	277.77000000000123	275.10474113700513	0.04057894941562905	193774	277.535198	268.74842	286.3454875
superscaffold57	6000000	6200000	6100000.0	350.5374000000015	327.5324889356557	0.29429447034390244	192570	350.701716	342.5373875	360.85192
superscaffold57	6200000	6400000	6300000.0	304.4959000000021	275.6684803606465	0.43800607481070875	191454	304.669419	297.375005	313.6493025
superscaffold57	6400000	6600000	6500000.0	398.294300000001	353.4644932231603	0.5314926473803984	186962	397.619442	389.9393325	405.3449125
superscaffold57	6600000	6800000	6700000.0	398.17610000000076	364.45740808416764	0.38772435726325244	189504	398.500475	385.9704175	406.20074
superscaffold57	6800000	7000000	6900000.0	313.7187000000003	298.2180493063027	0.21774651915367219	189209	314.353243	306.3018525	325.047705
superscaffold57	7000000	7200000	7100000.0	413.73850000000124	393.7718477135207	0.21252729350819274	192670	413.842544	403.205605	422.960835
superscaffold57	7200000	7400000	7300000.0	377.9033000000015	368.6854522614782	0.10478066360745084	190050	377.22437	365.44781	386.34899
superscaffold57	7400000	7600000	7500000.0	485.53000000000117	461.13868493866846	0.22174695149661902	194211	485.604543	474.06596	496.5026875
superscaffold57	7600000	7800000	7700000.0	378.8815000000027	363.32992963688486	0.17937831186341077	195395	378.830304	367.9498525	389.8257075
superscaffold57	7800000	8000000	7900000.0	359.2674000000022	342.4715783621529	0.20550787766437667	188034	359.290674	350.22976	369.9075075
superscaffold57	8000000	8200000	8100000.0	352.7905000000014	324.1500535938073	0.37020394684017144	191179	353.11678	343.4550825	362.6447625
superscaffold57	8200000	8400000	8300000.0	339.987700000001	322.17696631106236	0.23162722276891576	190094	340.264163	331.9154525	348.69096
superscaffold57	8400000	8600000	8500000.0	366.9655999999988	330.9149242775041	0.4564796048388581	189335	366.531935	358.16625	373.631455
superscaffold57	8600000	8800000	8700000.0	279.18650000000144	266.9305223942048	0.1922999990821472	191992	279.875678	272.205805	287.6082275
superscaffold57	8800000	9000000	8900000.0	292.30610000000155	284.9701775507297	0.10783223918710992	185455	292.674052	283.4392525	302.268925
superscaffold57	9000000	9200000	9100000.0	261.16140000000206	248.04525840221774	0.2214257295079479	191227	261.015108	252.03638	268.812115
superscaffold57	9200000	9400000	9300000.0	298.1573000000018	299.3455277535855	-0.016628976923333257	188677	297.667648	289.1411125	307.2676075
superscaffold57	9400000	9600000	9500000.0	202.92570000000092	211.68407847734719	-0.17318188628929668	191078	202.593916	193.9483425	210.13723
superscaffold57	9600000	9800000	9700000.0	348.3812000000008	336.27044690209743	0.1509105906654166	191857	347.827935	338.5347625	358.0922575
superscaffold57	9800000	10000000	9900000.0	271.6017000000009	259.6019124868665	0.1935828177189501	189997	272.003951	263.8775525	279.93919
superscaffold57	10000000	10200000	10100000.0	258.48370000000125	234.51551703482406	0.4279115088795166	192408	257.582803	250.735135	264.2235625
superscaffold57	10200000	10400000	10300000.0	298.5346000000021	311.7477906736964	-0.17757371010601136	193251	298.862352	290.879145	311.0913575
superscaffold57	10400000	10600000	10500000.0	325.98660000000234	318.51266135739326	0.09831403050556048	196443	325.836407	315.0590225	336.1335425
superscaffold57	10600000	10800000	10700000.0	294.6618000000008	289.1982217280402	0.07913865199152792	176500	294.048094	285.625495	301.5499675
superscaffold57	10800000	11000000	10900000.0	258.18030000000175	242.6897357776244	0.2672666961466742	186377	258.320283	249.2786375	265.884955
superscaffold57	11000000	11200000	11100000.0	291.56370000000175	257.9106948159423	0.5464480143452436	187684	292.476843	284.3791575	299.9320525
superscaffold57	11200000	11400000	11300000.0	293.4552000000009	252.27330257952826	0.6836064161722283	196399	293.328107	286.3067625	300.1568875
superscaffold57	11400000	11600000	11500000.0	288.9669000000016	243.81721422490722	0.7753976905708075	193073	288.925657	282.64392	296.7357175
superscaffold57	11600000	11800000	11700000.0	274.92440000000215	259.03817326322513	0.25683598610588043	193622	275.756831	267.814345	285.7087475
superscaffold57	11800000	12000000	11900000.0	287.5046000000016	266.08491355874264	0.3371469362520575	185449	288.171171	278.6224075	297.7162
superscaffold57	12000000	12200000	12100000.0	187.5520000000002	183.21524768345628	0.0990314205956458	183657	187.617459	179.9891125	194.0835275
superscaffold57	12200000	12400000	12300000.0	300.685300000002	267.4942616178462	0.5196824508777068	195431	301.031	292.5302425	307.0411375
superscaffold57	12400000	12600000	12500000.0	235.4009000000023	209.14725197096087	0.5253987886961919	188584	234.749197	227.4501225	241.92073
superscaffold57	12600000	12800000	12700000.0	309.31210000000254	290.88943939896444	0.26529978549259503	192441	309.717305	301.914905	316.47582
superscaffold57	12800000	13000000	12900000.0	227.1881000000012	199.28181555723629	0.5860334340292371	193256	226.785125	216.09871	235.402235
superscaffold57	13000000	13200000	13100000.0	216.76350000000085	182.6515084598149	0.7813566238515514	179665	216.940412	210.26527	223.3544825
superscaffold57	13200000	13400000	13300000.0	323.047000000001	276.79595880792937	0.6998858551238247	192800	323.355417	314.9010825	332.2077475
superscaffold57	13400000	13600000	13500000.0	333.0498000000006	299.6273973654062	0.4672998080392473	191743	333.173069	324.4797975	341.6060925
superscaffold57	13600000	13800000	13700000.0	296.3972000000025	273.6953930779016	0.34741405569438405	193762	296.550754	288.11077	304.812805
superscaffold57	13800000	14000000	13900000.0	274.94940000000224	259.6019124868665	0.24758854058434723	185977	275.151095	266.1089475	283.1359825
superscaffold57	14000000	14200000	14100000.0	342.8563999999997	310.33844261459285	0.43899352489604926	189864	341.89103	332.4852	350.79365
superscaffold57	14200000	14400000	14300000.0	278.6787000000013	247.48151917857635	0.5278651941201927	194468	278.683237	270.56995	289.217175
superscaffold57	14400000	14600000	14500000.0	235.58940000000112	207.45603430003666	0.5675926059967007	189257	235.834298	228.6052875	243.623295
superscaffold57	14600000	14800000	14700000.0	264.07290000000216	246.91777995493493	0.29093057777743797	188723	264.177102	256.265335	271.5865775
superscaffold57	14800000	15000000	14900000.0	374.2699000000018	362.202451189602	0.1396235359967747	193281	374.182613	364.37986	386.6404675
superscaffold57	15000000	15200000	15100000.0	291.5064000000006	295.9630924117371	-0.06308170921238083	193119	290.417069	281.529995	299.6921375
superscaffold57	15200000	15400000	15300000.0	367.9814000000014	346.135883315822	0.2644696061707778	189506	368.907891	359.6227225	378.8394925
superscaffold57	15400000	15600000	15500000.0	439.99110000000167	422.5225481192323	0.17330362623749798	193486	440.569224	429.074725	450.39171
superscaffold57	15600000	15800000	15700000.0	457.4676000000011	430.69676686203263	0.26055715567978055	193074	457.154931	447.63473	467.18898
superscaffold57	15800000	16000000	15900000.0	364.12030000000107	324.1500535938073	0.5166519671476534	192504	364.15331	353.7983375	374.178705
superscaffold57	16000000	16200000	16100000.0	320.12480000000113	311.7477906736964	0.11257966848431866	191721	320.63217	310.030815	330.577365
superscaffold57	16200000	16400000	16300000.0	305.50030000000106	300.4730062008683	0.07009237692348573	191900	304.652794	293.6937125	313.52926
superscaffold57	16400000	16600000	16500000.0	237.03150000000113	228.5962551865893	0.15448608459277993	190063	236.311934	226.9757525	245.43688
superscaffold57	16600000	16800000	16700000.0	237.47850000000088	236.48860431756896	0.017525854699154145	188553	237.40197	229.32881	245.7648225
superscaffold57	16800000	17000000	16900000.0	252.96990000000088	248.89086723767986	0.06862855102963883	189892	252.791818	243.689795	262.507305
superscaffold57	17000000	17200000	17100000.0	292.47800000000143	282.1514814325227	0.1533047023756912	196077	292.361437	282.7170825	302.513995
superscaffold57	17200000	17400000	17300000.0	281.08590000000123	276.79595880792937	0.06491679067667826	191155	280.776662	270.801365	291.55303
superscaffold57	17400000	17714005	17557002.5	492.08680000000174	475.7959047533449	0.14354770042431392	290289	492.475943	479.931045	503.7562925
superscaffold66	0	200000	100000.0	244.53880000000066	243.81721422490722	0.012392465948563592	191263	244.654905	236.5147925	252.87145
superscaffold66	200000	400000	300000.0	351.5786000000018	334.01549000753187	0.22032647313260956	192510	351.61676	338.87924	362.449335
superscaffold66	400000	600000	500000.0	400.1900000000012	357.1287981768294	0.5052953162364432	189392	400.217824	393.0059725	410.8210575
superscaffold66	600000	800000	700000.0	356.36250000000007	303.00983270725465	0.7376475260615019	192134	355.493637	346.3386825	364.3557125
superscaffold66	800000	1000000	900000.0	347.59450000000083	305.82852882546166	0.5721399104971956	193532	347.677042	338.5205525	355.2680275
superscaffold66	1000000	1200000	1100000.0	330.8663000000016	311.184051450055	0.26499041733013223	192898	331.538726	321.8404125	339.4611825
superscaffold66	1200000	1400000	1300000.0	339.4503000000003	333.4517507838904	0.07537784757874391	192967	339.02149	330.5588675	349.5492175
superscaffold66	1400000	1600000	1500000.0	369.01900000000154	335.98857729027674	0.4119326516583616	190482	369.393554	360.32656	379.4317475
superscaffold66	1600000	1800000	1700000.0	424.6513000000011	399.4092399499347	0.26489298417474644	194810	425.48197	416.2195025	433.5552425
superscaffold66	1800000	2000000	1900000.0	512.5977000000013	484.8157323316074	0.24025299816573903	193610	513.062863	501.3813425	523.969185
superscaffold66	2000000	2200000	2100000.0	432.2727000000022	418.29450394192173	0.14007581737543154	191396	431.633612	421.945075	442.032885
superscaffold66	2200000	2400000	2300000.0	373.53599999999994	338.24353418484236	0.4372143781517728	183661	374.044613	365.529405	384.132205
superscaffold66	2400000	2600000	2500000.0	387.11990000000225	377.42341022791993	0.1076738454857415	170494	388.200411	377.592125	399.1323825
superscaffold66	2600000	2800000	2700000.0	383.9879000000022	369.5310610969403	0.16395764760184423	180331	383.505221	374.46535	395.97898
superscaffold66	2800000	3000000	2900000.0	321.60580000000243	321.0494878637796	0.007260155102517349	191548	321.525944	313.495375	329.8869
superscaffold66	3000000	3200000	3100000.0	316.7703000000016	306.67413766092375	0.13792381195711992	194492	316.84441	308.41699	325.1220125
superscaffold66	3200000	3400000	3300000.0	235.33080000000072	234.23364742300333	0.019611319168721376	193303	235.379541	226.00357	242.6679325
superscaffold66	3400000	3600000	3500000.0	419.3429000000005	368.6854522614782	0.5758308383115539	193650	418.95543	410.46832	427.4949925
superscaffold66	3600000	3800000	3700000.0	509.11970000000343	485.9432107788902	0.19996129391886477	191309	509.493831	497.717765	521.083425
superscaffold66	3800000	4000000	3900000.0	477.4129999999993	423.93189617833576	0.5288189665595006	192818	477.416832	466.3059625	488.9897825
superscaffold66	4000000	4200000	4100000.0	387.5478000000013	368.1217130378368	0.22115684839707891	189532	386.748172	377.4528425	398.26247
superscaffold66	4200000	4400000	4300000.0	425.02470000000034	387.5707162534652	0.4050328483705304	189690	424.764014	413.2021975	434.426835
superscaffold66	4400000	4600000	4500000.0	292.7495000000018	256.2194771450181	0.5970700373693478	190508	292.817723	286.1987375	299.9014375
superscaffold66	4600000	4800000	4700000.0	425.2716000000017	391.23502120713437	0.36463459044253316	193913	425.475546	415.1550975	436.4038
superscaffold66	4800000	5000000	4900000.0	357.19530000000213	338.80727340848375	0.2274184303957986	193484	357.001153	347.2188525	365.5079875
superscaffold66	5000000	5200000	5100000.0	424.52300000000054	396.308674219907	0.2983970973492829	194464	424.883018	415.943875	436.0221925
superscaffold66	5200000	5400000	5300000.0	448.7293999999985	405.32850179816944	0.4488127478243382	194259	449.742382	440.623465	461.76403
superscaffold66	5400000	5600000	5500000.0	359.7642000000017	329.7874458302213	0.3808658479770683	191148	360.008666	350.9861825	368.7163025
superscaffold66	5600000	5800000	5700000.0	398.29990000000174	378.2690190633821	0.2219347890803588	193484	398.401416	388.668715	408.4472925
superscaffold66	5800000	6000000	5900000.0	458.4147000000021	434.64294142752243	0.22926992261604018	195764	458.576816	448.1399325	466.975695
superscaffold66	6000000	6200000	6100000.0	310.8185000000023	295.3993531880957	0.21866406478386025	190651	310.681119	302.5736475	319.8988875
superscaffold66	6200000	6400000	6300000.0	271.2870000000015	257.0650859804802	0.23168924645444075	190334	270.180423	262.342885	278.37863
superscaffold66	6400000	6600000	6500000.0	281.3194000000011	262.70247821689424	0.29679532818549176	188524	282.364365	275.0769075	289.1088025
superscaffold66	6600000	6810023	6705011.5	323.952200000001	304.4191807663581	0.26881342167186245	199086	324.712039	313.1674575	333.88614
