start	end	pair_cm	pair_cm_per_site	kosambi_r_length_region	kosambi_r_per_site	length_region
1113306	3461663	4.768	2.03035569123434e-06	0.0475359972774262	2.02422362858058e-08	2348357
3461664	4790874	6.583	4.9525658097667e-06	0.0654522454932916	4.92414633453643e-08	1329210
4790875	5218698	1.898	4.43641412453281e-06	0.0189708887678156	4.43428445123698e-08	427823
5218699	10507220	13.748	2.59959258930805e-06	0.134117030200179	2.5360026026214e-08	5288521
10507221	11691139	0.236000000000001	1.99338129836695e-07	0.00235998247448152	1.99336649538357e-09	1183918
11691140	11695125	0	0	0	0	3985
11695126	11711234	0	0	0	0	16108
11711235	11729011	0	0	0	0	17776
11729012	12078491	0	0	0	0	349479
12078492	12089135	0.00100000000000122	9.39584703562174e-08	9.99999999869106e-06	9.3958470343804e-10	10643
12089136	12167169	0.00100000000000122	1.28150910512376e-08	9.99999999869106e-06	1.28150910495445e-10	78033
12167170	12175651	0.00100000000000122	1.17910623747344e-07	9.99999999869106e-06	1.17910623731766e-09	8481
12175652	12403908	1.907	8.35465442310388e-06	0.0190607585910138	8.3506057194614e-08	228256
12403909	13125124	5.009	6.94522437830606e-06	0.0499231016791383	6.92208310685971e-08	721215
13125125	13951569	0	0	0	0	826444
13951570	14007528	0	0	0	0	55958
14007529	14449952	1.11499999999999	2.52021255676128e-06	0.011148152106408	2.51979488100935e-08	442423
14449953	14455693	0.943000000000005	0.000164285714285715	0.00942888207664841	1.64266238269136e-06	5740
14455694	15381117	0	0	0	0	925423
15381118	15406894	0	0	0	0	25776
15406895	15598336	0	0	0	0	191441
15598337	15601721	0	0	0	0	3384
15601722	15662820	0	0	0	0	61098
15662821	16398847	0	0	0	0	736026
16398848	16400859	0	0	0	0	2011
16400860	16404181	0	0	0	0	3321
16404182	16718017	0	0	0	0	313835
16718018	17050965	0	0	0	0	332947
17050966	17083964	0	0	0	0	32998
17083965	17084511	0	0	0	0	546
17084512	17212083	0	0	0	0	127571
17212084	17225441	0	0	0	0	13357
17225442	17229655	0	0	0	0	4213
17229656	17251313	0	0	0	0	21657
17251314	17287866	0	0	0	0	36552
17287867	17288999	0	0	0	0	1132
17289000	20228143	0.638999999999996	2.17410313142299e-07	0.00638965213323456	2.17398477489342e-09	2939143
20228144	20235346	0	0	0	0	7202
20235347	20410835	0	0	0	0	175488
20410836	20418427	0	0	0	0	7591
20418428	20553916	0	0	0	0	135488
20553917	20555255	0	0	0	0	1338
20555256	20557372	0	0	0	0	2116
20557373	20559478	0	0	0	0	2105
20559479	20619745	0	0	0	0	60266
20619746	23127059	0	0	0	0	2507313
23127060	24440099	0	0	0	0	1313039
24440100	24471468	0	0	0	0	31368
24471469	24534314	0	0	0	0	62845
24534315	25933790	1.598	1.14185676771646e-06	0.0159745613431747	1.14146814649598e-08	1399475
25933791	25936949	0	0	0	0	3158
25936950	25939436	0	0	0	0	2486
25939437	25943284	0	0	0	0	3847
25943285	25964699	0	0	0	0	21414
25964700	26007928	0	0	0	0	43228
26007929	26392098	0	0	0	0	384169
26392099	26502477	0	0	0	0	110378
26502478	26921145	0	0	0	0	418667
26921146	26987492	0	0	0	0	66346
26987493	27997470	1.601	1.58518461311495e-06	0.0160045306632959	1.5846430822975e-08	1009977
27997471	28044947	0	0	0	0	47476
28044948	28109800	0	0	0	0	64852
28109801	28162988	0	0	0	0	53187
28162989	28377619	0	0	0	0	214630
28377620	28378699	0	0	0	0	1079
28378700	28386228	0	0	0	0	7528
28386229	29076941	0	0	0	0	690712
29076942	29117776	0	0	0	0	40834
29117777	29464892	0	0	0	0	347115
29464893	29498767	0	0	0	0	33874
29498768	29502283	0	0	0	0	3515
29502284	29796396	1.04000000000001	3.53606789250356e-06	0.0103985004408406	3.53555803260003e-08	294112
29796397	29813125	0	0	0	0	16728
29813126	29817896	0	0	0	0	4770
29817897	29818594	0	0	0	0	697
29818595	29852941	0	0	0	0	34346
29852942	29858575	0	0	0	0	5633
29858576	30285946	0	0	0	0	427370
30285947	33011968	5.38699999999999	1.97614031586697e-06	0.0536625239643674	1.96852936805576e-08	2726021
33011969	34576721	0.00200000000000244	1.27815781670351e-09	1.99999999893465e-05	1.2781578160211e-11	1564752
34576722	35905578	0.00200000000000244	1.50505397123725e-09	1.99999999893465e-05	1.50505397043371e-11	1328856
35905579	36113261	1.593	7.67038067815219e-06	0.0159246122210801	7.66778643362455e-08	207682
36113262	36649389	0	0	0	0	536127
36649390	36657815	0	0	0	0	8425
36657816	36670115	0	0	0	0	12299
36670116	36684044	0.00200000000000244	1.43595634692881e-07	1.99999999893465e-05	1.43595634616216e-09	13928
36684045	37090120	0.00200000000000244	4.92519854707245e-09	1.99999999893465e-05	4.92519854444291e-11	406075
37090121	37094238	1.274	0.000309448627641487	0.0127372436507014	3.09381677209167e-06	4117
37094239	37100071	2.867	0.000491598079561043	0.0286386201374371	4.91060016074024e-06	5832
37100072	37151753	2.867	5.54749327605891e-05	0.0286386201374371	5.54142143871773e-07	51681
37151754	37158404	0.00200000000000244	3.00751879699616e-07	1.99999999893465e-05	3.00751879539046e-09	6650
37158405	41593205	8.23099999999999	1.85600252548029e-06	0.081574445652378	1.83941656111613e-08	4434800
41593206	42307224	2.572	3.60215008585218e-06	0.0256973383144956	3.59897626033176e-08	714018
42307225	42385430	0.00500000000000256	6.39345310402475e-08	4.99999998333474e-05	6.39345308271177e-10	78205
42385431	43113660	0.00500000000000256	6.86597210493204e-09	4.99999998333474e-05	6.86597208204389e-11	728229
43113661	43121210	0	0	0	0	7549
43121211	43129922	0	0	0	0	8711
43129923	43132139	0	0	0	0	2216
43132140	43134947	0	0	0	0	2807
43134948	43152448	0	0	0	0	17500
43152449	43153424	0	0	0	0	975
43153425	43166486	0.000999999999997669	7.6563815940408e-08	9.99999999863555e-06	7.65638159301397e-10	13061
43166487	43198878	0.000999999999997669	3.08727733011537e-08	9.99999999863555e-06	3.08727732970132e-10	32391
43198879	43988444	0.000999999999997669	1.2665201724971e-09	9.99999999863555e-06	1.26652017232724e-11	789565
43988445	44169174	0.000999999999997669	5.53314631297506e-09	9.99999999863555e-06	5.53314631223298e-11	180729
44169175	45728377	0	0	0	0	1559202
45728378	45735720	0	0	0	0	7342
45735721	46277791	0	0	0	0	542070
46277792	49480514	15.541	4.85243489756526e-06	0.150591449018853	4.70198315741588e-08	3202722
49480515	49483269	0.00100000000000477	3.63108206247195e-07	9.99999999869106e-06	3.63108206197932e-09	2754
49483270	49486644	0	0	0	0	3374
49486645	49490789	0	0	0	0	4144
49490790	50992471	2.34099999999999	1.55891963739302e-06	0.0233929092020622	1.557781526307e-08	1501681
50992472	51689547	0	0	0	0	697075
51689548	51699365	0.658000000000001	6.70265865335644e-05	0.0065796201725629	6.70227174550565e-07	9817
51699366	51738941	1.944	4.91219204042957e-05	0.0194302103988429	4.90971835725657e-07	39575
51738942	53065776	0.534999999999997	4.03215473827168e-07	0.00534979583551656	4.03200086485315e-09	1326834
53065777	54794370	0	0	0	0	1728593
54794371	54798862	0.000999999999990564	2.22667557334795e-07	9.99999999858004e-06	2.22667557305278e-09	4491
54798863	54801240	0.000999999999990564	4.20698359272429e-07	9.99999999858004e-06	4.20698359216661e-09	2377
54801241	55467763	0.000999999999990564	1.50032557063467e-09	9.99999999858004e-06	1.50032557043579e-11	666522
55467764	55484689	0.000999999999990564	5.90841949772859e-08	9.99999999858004e-06	5.90841949694537e-10	16925
55484690	55498326	0	0	0	0	13636
55498327	55858884	0	0	0	0	360557
55858885	55937080	0	0	0	0	78195
55937081	58164347	0.000999999999990564	4.48980947938218e-10	9.99999999858004e-06	4.48980947878701e-12	2227266
58164348	58175813	0.000999999999990564	8.72219799381216e-08	9.99999999858004e-06	8.72219799265594e-10	11465
58175814	58216971	0	0	0	0	41157
58216972	62170465	0	0	0	0	3953493
62170466	62253805	0	0	0	0	83339
62253806	62421857	0	0	0	0	168051
62421858	62766500	0	0	0	0	344642
62766501	62768215	0	0	0	0	1714
62768216	62805019	0	0	0	0	36803
62805020	62887672	0	0	0	0	82652
62887673	62888261	0	0	0	0	588
62888262	66309077	0	0	0	0	3420815
66309078	66392493	0	0	0	0	83415
66392494	67210879	0	0	0	0	818385
67210880	67226485	0	0	0	0	15605
67226486	67232728	0	0	0	0	6242
67232729	67237726	0	0	0	0	4997
67237727	67527693	0	0	0	0	289966
67527694	67710738	0	0	0	0	183044
67710739	67713100	0	0	0	0	2361
67713101	67725033	0	0	0	0	11932
67725034	67828582	0	0	0	0	103548
67828583	67862789	0	0	0	0	34206
67862790	67865337	0	0	0	0	2547
67865338	68669948	0	0	0	0	804610
68669949	68746110	0	0	0	0	76161
68746111	68747319	0	0	0	0	1208
68747320	68820812	0	0	0	0	73492
68820813	68835549	0	0	0	0	14736
68835550	68837125	0	0	0	0	1575
68837126	68849082	0	0	0	0	11956
68849083	68896389	0	0	0	0	47306
68896390	69181458	0	0	0	0	285068
69181459	69307096	0	0	0	0	125637
69307097	69562370	0	0	0	0	255273
69562371	72160318	0	0	0	0	2597947
72160319	74493214	0	0	0	0	2332895
74493215	74510436	0	0	0	0	17221
74510437	75060418	0	0	0	0	549981
75060419	75130378	0	0	0	0	69959
75130379	75158428	0	0	0	0	28049
75158429	75161173	0	0	0	0	2744
75161174	75168334	0	0	0	0	7160
75168335	75174666	0	0	0	0	6331
75174667	75454839	0	0	0	0	280172
75454840	75499645	0	0	0	0	44805
75499646	75514038	0	0	0	0	14392
75514039	75576226	0	0	0	0	62187
75576227	75711527	0	0	0	0	135300
75711528	75717775	0	0	0	0	6247
75717776	75719169	0	0	0	0	1393
75719170	75729869	0	0	0	0	10699
75729870	75740888	0	0	0	0	11018
75740889	75741878	0	0	0	0	989
75741879	75745387	0	0	0	0	3508
75745388	75899166	0	0	0	0	153778
75899167	76631683	0.00300000000000011	4.09547368248627e-09	2.99999999640082e-05	4.09547367757267e-11	732516
76631684	76688607	0.00900000000000034	1.58108321768008e-07	8.99999990279792e-05	1.58108320060396e-09	56923
76688608	76725356	0.0120000000000005	3.26548383585514e-07	0.000119999997695988	3.26548377315739e-09	36748
76725357	77235450	0	0	0	0	510093
77235451	77236913	0	0	0	0	1462
77236914	77727171	0	0	0	0	490257
77727172	78722859	0	0	0	0	995687
78722860	78734006	0	0	0	0	11146
78734007	78994236	0.159999999999997	6.14843080517531e-07	0.001599994538689	6.14840981861744e-09	260229
78994237	78995812	0.158999999999992	0.000100952380952376	0.00158999464044957	1.00952040663465e-06	1575
78995813	79014069	0.00100000000000477	5.47765118319881e-08	9.99999999869106e-06	5.47765118245566e-10	18256
