Pos	female_cM	male_cM	sex_averaged_cM	female_smoothed25	male_smoothed25	sex_averaged_smoothed25
1113306	0	0	0	-1.348	0.644	-0.352
3461664	4.768	3.096	3.932	6.853	3.646	5.249
4790875	11.351	4.705	8.028	11.122	5.421	8.271
5218699	13.249	9.764	11.5065	12.437	6.002	9.22
10507221	26.997	12.215	19.606	26.268	13.553	19.91
11691140	27.233	14.418	20.8255	28.728	15.317	22.022
11695126	27.233	14.418	20.8255	28.735	15.323	22.029
11711235	27.233	14.418	20.8255	28.767	15.347	22.057
11729012	27.233	14.418	20.8255	28.802	15.374	22.088
12078492	27.233	14.418	20.8255	29.482	15.9	22.691
12089136	27.234	14.418	20.826	29.503	15.916	22.709
12167170	27.233	14.418	20.8255	29.652	16.034	22.843
12175652	27.232	14.418	20.825	29.668	16.047	22.857
12403909	29.139	16.391	22.765	30.103	16.4	23.251
13125125	34.148	19.277	26.7125	31.481	17.594	24.538
13951570	34.148	19.279	26.7135	33.008	19.049	26.028
14007529	34.148	20.34	27.244	33.107	19.149	26.128
14449953	35.263	20.348	27.8055	33.866	19.935	26.9
14455694	36.206	20.348	28.277	33.875	19.945	26.91
15381118	36.206	21.845	29.0255	35.175	21.544	28.36
15406895	36.206	21.845	29.0255	35.206	21.588	28.397
15598337	36.206	21.845	29.0255	35.426	21.904	28.665
15601722	36.206	21.845	29.0255	35.43	21.91	28.67
15662821	36.206	21.845	29.0255	35.497	22.009	28.753
16398848	36.206	23.335	29.7705	36.237	23.148	29.692
16400860	36.206	23.335	29.7705	36.239	23.151	29.695
16404182	36.206	23.335	29.7705	36.242	23.155	29.699
16718018	36.206	23.335	29.7705	36.504	23.604	30.054
17050966	36.206	23.335	29.7705	36.74	24.06	30.4
17083965	36.206	23.335	29.7705	36.763	24.105	30.434
17084512	36.206	24.082	30.144	36.764	24.105	30.434
17212084	36.206	24.082	30.144	36.836	24.273	30.554
17225442	36.206	24.082	30.144	36.843	24.29	30.566
17229656	36.206	24.082	30.144	36.845	24.296	30.57
17251314	36.206	24.082	30.144	36.856	24.324	30.59
17287867	36.206	24.082	30.144	36.878	24.371	30.624
17289000	36.206	24.082	30.144	36.878	24.373	30.625
20228144	36.845	27.841	32.343	36.723	27.417	32.07
20235347	36.845	27.841	32.343	36.723	27.423	32.073
20410836	36.845	27.841	32.343	36.729	27.571	32.15
20418428	36.845	27.841	32.343	36.729	27.577	32.153
20553917	36.845	27.841	32.343	36.747	27.69	32.218
20555256	36.845	27.841	32.343	36.747	27.691	32.219
20557373	36.845	27.841	32.343	36.747	27.693	32.22
20559479	36.845	27.841	32.343	36.748	27.695	32.221
20619746	36.845	27.841	32.343	36.758	27.744	32.251
23127060	36.845	27.841	32.343	37.084	28.888	32.986
24440100	36.845	27.841	32.343	37.439	29.418	33.429
24471469	36.845	30.492	33.6685	37.451	29.435	33.443
24534315	36.845	30.492	33.6685	37.476	29.47	33.473
25933791	38.443	30.492	34.4675	38.149	30.316	34.233
25936950	38.443	30.492	34.4675	38.151	30.318	34.235
25939437	38.443	30.492	34.4675	38.152	30.32	34.236
25943285	38.443	30.492	34.4675	38.154	30.323	34.238
25964700	38.443	30.492	34.4675	38.166	30.337	34.251
26007929	38.443	30.492	34.4675	38.189	30.366	34.278
26392099	38.443	30.492	34.4675	38.406	30.632	34.519
26502478	38.443	30.492	34.4675	38.471	30.712	34.591
26921146	38.443	30.492	34.4675	38.728	31.023	34.876
26987493	38.443	30.891	34.667	38.771	31.073	34.922
27997471	40.044	32.098	36.071	39.49	31.871	35.68
28044948	40.044	32.098	36.071	39.527	31.909	35.718
28109801	40.044	32.098	36.071	39.579	31.964	35.771
28162989	40.044	32.098	36.071	39.623	32.009	35.816
28377620	40.044	32.098	36.071	39.8	32.192	35.996
28378700	40.044	32.098	36.071	39.801	32.193	35.997
28386229	40.044	32.323	36.1835	39.807	32.199	36.003
29076942	40.044	32.633	36.3385	40.421	32.811	36.616
29117777	40.044	32.633	36.3385	40.459	32.848	36.654
29464893	40.044	32.633	36.3385	40.781	33.154	36.968
29498768	40.044	32.633	36.3385	40.812	33.183	36.998
29502284	40.044	32.633	36.3385	40.816	33.186	37.001
29796397	41.084	33.701	37.3925	41.079	33.421	37.25
29813126	41.084	33.701	37.3925	41.094	33.433	37.264
29817897	41.084	33.701	37.3925	41.098	33.437	37.267
29818595	41.084	33.701	37.3925	41.099	33.437	37.268
29852942	41.084	33.701	37.3925	41.129	33.464	37.296
29858576	41.084	33.701	37.3925	41.134	33.468	37.301
30285947	41.084	33.701	37.3925	41.52	33.798	37.659
33011969	46.471	37.481	41.976	43.993	35.644	39.819
34576722	46.473	37.481	41.977	45.611	36.564	41.088
35905579	46.471	37.481	41.976	47.22	37.25	42.235
36113262	48.064	37.481	42.7725	47.496	37.348	42.422
36649390	48.064	37.481	42.7725	48.245	37.59	42.918
36657816	48.064	37.481	42.7725	48.258	37.594	42.926
36670116	48.064	37.481	42.7725	48.276	37.599	42.937
36684045	48.062	37.481	42.7715	48.296	37.605	42.95
37090121	48.064	37.481	42.7725	48.889	37.748	43.318
37094239	49.338	37.481	43.4095	48.895	37.749	43.322
37100072	46.471	37.481	41.976	48.904	37.751	43.328
37151754	49.338	37.481	43.4095	48.981	37.772	43.376
37158405	49.34	37.481	43.4105	48.991	37.774	43.383
41593206	57.571	39.091	48.331	56.372	39.327	48.319
42307225	60.143	39.091	49.617	57.704	39.567	49.122
42385431	60.138	39.091	49.6145	57.852	39.594	49.208
43113661	60.143	39.091	49.617	59.255	39.849	49.983
43121211	60.143	39.091	49.617	59.27	39.852	49.991
43129923	60.143	39.091	49.617	59.288	39.855	50.005
43132140	60.143	39.091	49.617	59.293	39.856	50.01
43134948	60.143	40.688	50.4155	59.299	39.857	50.016
43152449	60.143	40.688	50.4155	59.339	39.864	50.062
43153425	60.143	40.684	50.4135	59.341	39.864	50.064
43166487	60.144	40.688	50.416	59.368	39.869	50.087
43198879	60.143	40.688	50.4155	59.432	39.88	50.121
43988445	60.144	40.688	50.416	61.087	40.172	51.282
44169175	60.143	40.685	50.414	61.487	40.24	51.61
45728378	60.143	40.688	50.4155	65.001	40.829	54.226
45735721	60.143	40.688	50.4155	65.017	40.832	54.234
46277792	60.143	40.688	50.4155	66.163	41.031	54.605
49480515	75.684	41.662	58.673	73.543	41.895	50.476
49483270	75.685	42.227	58.956	73.549	41.895	50.47
49486645	75.685	42.411	59.048	73.557	41.896	50.462
49490790	75.685	42.597	59.141	73.566	41.897	50.453
50992472	78.026	42.641	60.3335	76.619	42.345	47.286
51689548	78.026	42.641	60.3335	77.7	42.624	46.082
51699366	78.684	42.641	60.6625	77.713	42.628	46.067
51738942	80.628	42.641	61.6345	77.767	42.645	46.005
53065777	81.163	44.199	29.466	79.562	43.169	42.39
54794371	81.163	44.199	29.466	81.415	43.929	36.906
54798863	81.162	44.199	29.466	81.419	43.932	36.896
54801241	81.163	44.199	29.466	81.421	43.933	36.891
55467764	81.162	44.199	29.466	81.742	44.26	35.063
55484690	81.163	44.199	29.466	81.746	44.267	35.009
55498327	81.163	44.199	29.466	81.749	44.273	34.966
55858885	81.163	44.199	29.466	81.792	44.428	33.769
55937081	81.163	44.199	29.466	81.793	44.461	33.5
58164348	81.162	44.199	29.466	81.528	45.696	27.518
58175814	81.163	45.775	30.5166666666667	81.53	45.705	27.509
58216972	81.163	45.781	30.5206666666667	81.535	45.74	27.479
62170466	81.163	50.54	33.6933333333333	81.188	49.779	32.959
62253806	81.163	50.54	33.6933333333333	81.182	49.897	33.094
62421858	81.163	50.54	33.6933333333333	81.172	50.141	33.348
62766501	81.163	50.54	33.6933333333333	81.163	50.67	33.78
62768216	81.163	50.54	33.6933333333333	81.163	50.673	33.782
62805020	81.163	50.54	33.6933333333333	81.163	50.732	33.821
62887673	81.163	50.54	33.6933333333333	81.163	50.864	33.91
62888262	81.163	50.54	33.6933333333333	81.163	50.865	33.91
66309078	81.163	59.211	39.474	81.163	57.485	38.324
66392494	81.163	59.211	39.474	81.163	57.676	38.451
67210880	81.163	59.211	39.474	81.163	59.688	39.792
67226486	81.163	59.211	39.474	81.163	59.728	39.819
67232729	81.163	59.211	39.474	81.163	59.744	39.829
67237727	81.163	59.211	39.474	81.163	59.757	39.838
67527694	81.163	59.211	39.474	81.163	60.496	40.331
67710739	81.163	59.211	39.474	81.163	60.957	40.638
67713101	81.163	60.874	40.5826666666667	81.163	60.963	40.642
67725034	81.163	60.874	40.5826666666667	81.163	60.993	40.662
67828583	81.163	60.874	40.5826666666667	81.163	61.255	40.836
67862790	81.163	60.874	40.5826666666667	81.163	61.342	40.895
67865338	81.163	60.874	40.5826666666667	81.163	61.349	40.899
68669949	81.163	62.302	41.5346666666667	81.163	63.476	42.318
68746111	81.163	63.729	42.486	81.163	63.698	42.465
68747320	81.163	63.729	42.486	81.163	63.701	42.468
68820813	81.163	63.729	42.486	81.163	63.924	42.616
68835550	81.163	63.729	42.486	81.163	63.966	42.644
68837126	81.163	63.729	42.486	81.163	63.971	42.647
68849083	81.163	63.729	42.486	81.163	64.004	42.669
68896390	81.163	63.729	42.486	81.163	64.132	42.755
69181459	81.163	64.718	43.1453333333333	81.163	64.894	43.263
69307097	81.163	68.154	45.436	81.163	65.224	43.483
69562371	81.163	68.761	45.8406666666667	81.163	65.886	43.924
72160319	81.163	74.914	49.9426666666667	81.158	72.39	48.26
74493215	81.163	75.729	50.486	81.159	79.097	52.731
74510437	81.163	75.729	50.486	81.159	79.154	52.769
75060419	81.163	80.408	53.6053333333333	81.16	81.153	54.102
75130379	81.163	80.408	53.6053333333333	81.161	81.395	54.263
75158429	81.163	80.408	53.6053333333333	81.161	81.489	54.326
75161174	81.163	80.408	53.6053333333333	81.161	81.498	54.332
75168335	81.163	80.408	53.6053333333333	81.161	81.522	54.348
75174667	81.163	80.408	53.6053333333333	81.161	81.543	54.362
75454840	81.163	82.722	55.148	81.162	82.488	54.992
75499646	81.163	82.722	55.148	81.162	82.641	55.094
75514039	81.163	82.722	55.148	81.162	82.69	55.126
75576227	81.163	82.722	55.148	81.163	82.901	55.267
75711528	81.163	82.722	55.148	81.163	83.356	55.57
75717776	81.163	82.722	55.148	81.163	83.376	55.584
75719170	81.163	82.722	55.148	81.163	83.381	55.587
75729870	81.163	82.722	55.148	81.163	83.417	55.611
75740889	81.163	82.722	55.148	81.163	83.454	55.636
75741879	81.163	82.722	55.148	81.164	83.457	55.638
75745388	81.163	82.722	55.148	81.164	83.469	55.646
75899167	81.163	82.722	55.148	81.164	83.981	55.987
76631684	81.166	92.276	61.5173333333333	81.169	86.443	57.629
76688608	81.175	92.276	61.5173333333333	81.17	86.636	57.757
76725357	81.163	92.276	61.5173333333333	81.17	86.76	57.84
77235451	81.163	92.276	61.5173333333333	81.174	88.491	58.994
77236914	81.163	92.276	61.5173333333333	81.174	88.496	58.998
77727172	81.163	92.276	61.5173333333333	81.179	90.159	60.106
78722860	81.163	92.276	61.5173333333333	81.19	93.521	62.347
78734007	81.163	92.276	61.5173333333333	81.19	93.558	62.372
78994237	81.323	92.294	61.5293333333333	81.194	94.434	62.956
78995813	81.164	92.276	61.5173333333333	81.194	94.439	62.959
79014070	81.165	92.276	61.5173333333333	81.194	94.5	63
