window	Window_start	Window_end	rho_per_bp	rho_per_window
superscaffold11	0	200000	0.000625	124.964382
superscaffold11	200000	400000	0.000364	72.71662
superscaffold11	400000	600000	0.000316	63.199047
superscaffold11	600000	800000	0.000371	74.295478
superscaffold11	800000	1000000	0.000485	97.028536
superscaffold11	1000000	1200000	0.000563	112.560141
superscaffold11	1200000	1400000	0.000601	120.14501
superscaffold11	1400000	1600000	0.000708	141.651689
superscaffold11	1600000	1800000	0.00053	106.037023
superscaffold11	1800000	2000000	0.00041	81.926714
superscaffold11	2000000	2200000	0.000401	80.136462
superscaffold11	2200000	2400000	0.000444	88.791282
superscaffold11	2400000	2600000	0.000651	130.171641
superscaffold11	2600000	2800000	0.000508	101.581831
superscaffold11	2800000	3000000	0.000689	137.731385
superscaffold11	3000000	3200000	0.000683	136.600439
superscaffold11	3200000	3400000	0.000601	120.149233
superscaffold11	3400000	3600000	0.000228	45.530117
superscaffold11	3600000	3800000	0.000315	63.016867
superscaffold11	3800000	4000000	0.000471	94.106498
superscaffold11	4000000	4200000	0.000548	109.69961
superscaffold11	4200000	4400000	0.000424	84.785388
superscaffold11	4400000	4600000	0.000285	57.063157
superscaffold11	4600000	4800000	0.000251	50.23492
superscaffold11	4800000	5000000	0.000314	62.821521
superscaffold11	5000000	5200000	0.000809	161.790971
superscaffold11	5200000	5400000	0.001124	224.814068
superscaffold11	5400000	5600000	0.000927	185.485219
superscaffold11	5600000	5800000	0.000884	176.74549
superscaffold11	5800000	6000000	0.000759	151.86149
superscaffold11	6000000	6200000	0.000575	114.92496
superscaffold11	6200000	6400000	0.000366	73.250416
superscaffold11	6400000	6600000	0.000358	71.536186
superscaffold11	6600000	6800000	0.000276	55.104261
superscaffold11	6800000	7000000	0.000223	44.572237
superscaffold11	7000000	7200000	0.00015	30.022235
superscaffold11	7200000	7400000	0.000117	23.456453
superscaffold11	7400000	7600000	0.00013	26.080503
superscaffold11	7600000	7800000	0.000157	31.449294
superscaffold11	7800000	8000000	0.000219	43.838929
superscaffold11	8000000	8200000	0.00033	65.969592
superscaffold11	8200000	8400000	0.000444	88.738425
superscaffold11	8400000	8600000	0.0003	59.917449
superscaffold11	8600000	8800000	0.000269	53.766161
superscaffold11	8800000	9000000	0.000275	54.962814
superscaffold11	9000000	9200000	0.000327	65.352724
superscaffold11	9200000	9400000	0.000299	59.841459
superscaffold11	9400000	9600000	0.000294	58.857344
superscaffold11	9600000	9800000	0.000411	82.209763
superscaffold11	9800000	10000000	0.000319	63.809306
superscaffold11	10000000	10200000	0.000381	76.137749
superscaffold11	10200000	10400000	0.000461	92.137039
superscaffold11	10400000	10600000	0.000375	74.905258
superscaffold11	10600000	10800000	0.000317	63.429946
superscaffold11	10800000	11000000	0.000251	50.250685
superscaffold11	11000000	11200000	0.000231	46.112642
superscaffold11	11200000	11400000	0.000226	45.245227
superscaffold11	11400000	11600000	0.000236	47.233116
superscaffold11	11600000	11800000	0.000328	65.608036
superscaffold11	11800000	12000000	0.000417	83.449304
superscaffold11	12000000	12200000	0.000353	70.681208
superscaffold11	12200000	12400000	0.000426	85.274916
superscaffold11	12400000	12600000	0.000436	87.196404
superscaffold11	12600000	12800000	0.000306	61.284786
superscaffold11	12800000	13000000	0.000294	58.889523
superscaffold11	13000000	13200000	0.000259	51.724128
superscaffold11	13200000	13400000	0.000195	39.001229
superscaffold11	13400000	13600000	0.000139	27.75958
superscaffold11	13600000	13800000	0.000114	22.703787
superscaffold11	13800000	14000000	0.000134	26.70978
superscaffold11	14000000	14200000	0.000189	37.832207
superscaffold11	14200000	14400000	0.000216	43.153517
superscaffold11	14400000	14600000	0.000258	51.650947
superscaffold11	14600000	14800000	0.00031	61.969954
superscaffold11	14800000	15000000	0.000283	56.658844
superscaffold11	15000000	15200000	0.000332	66.449181
superscaffold11	15200000	15400000	0.000466	93.206578
superscaffold11	15400000	15600000	0.000562	112.484986
superscaffold11	15600000	15800000	0.00053	106.069043
superscaffold11	15800000	16000000	0.000624	124.787621
superscaffold11	16000000	16200000	0.000668	133.674653
superscaffold11	16200000	16400000	0.000511	102.183269
superscaffold11	16400000	16600000	0.000473	94.563031
superscaffold11	16600000	16800000	0.000473	94.627182
superscaffold11	16800000	17000000	0.000498	99.615631
superscaffold11	17000000	17200000	0.000498	99.503828
superscaffold11	17200000	17400000	0.000573	114.563574
superscaffold11	17400000	17600000	0.000404	80.704128
superscaffold11	17600000	17800000	0.000368	73.667443
superscaffold11	17800000	18000000	0.000386	77.237213
superscaffold11	18000000	18200000	0.00035	70.077169
superscaffold11	18200000	18400000	0.000258	51.668808
superscaffold11	18400000	18600000	0.000252	50.493161
superscaffold11	18600000	18800000	0.000354	70.829176
superscaffold11	18800000	19000000	0.000354	70.814647
superscaffold11	19000000	19200000	0.000319	63.888594
superscaffold11	19200000	19400000	0.000286	57.205051
superscaffold11	19400000	19600000	0.000384	76.777738
superscaffold11	19600000	19800000	0.000432	86.325406
superscaffold11	19800000	20000000	0.000328	65.636241
superscaffold11	20000000	20200000	0.00037	74.0264
superscaffold11	20200000	20400000	0.00044	88.018067
superscaffold11	20400000	20600000	0.000414	82.887978
superscaffold11	20600000	20800000	0.000286	57.171229
superscaffold11	20800000	21000000	0.000427	85.368
superscaffold11	21000000	21200000	0.000509	101.876908
superscaffold11	21200000	21400000	0.000317	63.341777
superscaffold11	21400000	21600000	0.000441	88.17069
superscaffold11	21600000	21800000	0.000565	112.914345
superscaffold11	21800000	22000000	0.000717	143.338535
superscaffold11	22000000	22200000	0.00062	124.056999
superscaffold11	22200000	22400000	0.000441	88.21524
superscaffold11	22400000	22600000	0.000385	76.927421
superscaffold11	22600000	22800000	0.000259	51.847962
superscaffold11	22800000	23000000	0.000246	49.292313
superscaffold11	23000000	23200000	0.000376	75.105018
superscaffold11	23200000	23400000	0.000626	125.163013
superscaffold11	23400000	23600000	0.000597	119.487658
superscaffold11	23600000	23800000	0.000454	90.879412
superscaffold11	23800000	24000000	0.000525	104.925406
superscaffold11	24000000	24200000	0.000506	101.228027
superscaffold11	24200000	24400000	0.000417	83.492468
superscaffold11	24400000	24600000	0.000576	115.101276
superscaffold11	24600000	24800000	0.000815	163.075014
superscaffold11	24800000	25000000	0.000917	183.339912
superscaffold11	25000000	25200000	0.000628	125.64336
superscaffold11	25200000	25400000	0.000751	150.182092
superscaffold11	25400000	25600000	0.000704	140.81171
superscaffold11	25600000	25800000	0.000557	111.37375
superscaffold11	25800000	26000000	0.000409	81.8341
superscaffold11	26000000	26200000	0.000365	73.030782
superscaffold11	26200000	26400000	0.000435	87.061581
superscaffold11	26400000	26600000	0.000658	131.512032
superscaffold11	26600000	26800000	0.000798	159.599343
superscaffold11	26800000	27000000	0.000519	103.784832
superscaffold11	27000000	27200000	0.000584	116.801042
superscaffold11	27200000	27400000	0.000875	175.017605
superscaffold11	27400000	27600000	0.001376	275.191945
superscaffold11	27600000	27800000	0.001274	254.715516
superscaffold11	27800000	28000000	0.000759	151.712903
superscaffold11	28000000	28200000	0.000644	128.829206
superscaffold11	28200000	28400000	0.000787	157.45479
superscaffold11	28400000	28600000	0.000924	184.749406
superscaffold11	28600000	28800000	0.000845	168.986024
superscaffold11	28800000	29000000	0.000878	175.520953
superscaffold11	29000000	29200000	0.001092	218.4193
superscaffold11	29200000	29400000	0.000719	143.799017
superscaffold11	29400000	29600000	0.0013	259.992634
superscaffold11	29600000	29800000	0.001364	272.764074
superscaffold11	29800000	30000000	0.001479	295.896167
superscaffold11	30000000	30200000	0.001685	337.018916
superscaffold11	30200000	30400000	0.001094	218.79644
superscaffold11	30400000	30600000	0.001155	231.097464
superscaffold11	30600000	30800000	0.001593	318.610051
superscaffold11	30800000	31000000	0.001068	213.547289
superscaffold11	31000000	31200000	0.001297	259.428101
superscaffold11	31200000	31400000	0.001434	286.844729
superscaffold11	31400000	31600000	0.001123	224.634392
superscaffold11	31600000	31800000	0.000938	187.589695
superscaffold11	31800000	32000000	0.001011	202.259466
superscaffold11	32000000	32200000	0.001446	289.289307
superscaffold11	32200000	32400000	0.000961	192.241632
superscaffold11	32400000	32600000	0.000767	153.324089
superscaffold11	32600000	32800000	0.001074	214.833073
superscaffold11	32800000	33000000	0.001157	231.300911
superscaffold11	33000000	33200000	0.001142	228.324459
superscaffold11	33200000	33400000	0.001346	269.126195
superscaffold11	33400000	33600000	0.001334	266.812726
superscaffold11	33600000	33800000	0.00135	269.948965
superscaffold11	33800000	34000000	0.001503	300.525963
superscaffold11	34000000	34200000	0.001602	320.470007
superscaffold11	34200000	34400000	0.001186	237.211663
superscaffold11	34400000	34600000	0.001273	254.596777
superscaffold11	34600000	34800000	0.001131	226.297777
superscaffold11	34800000	35000000	0.001783	356.654883
superscaffold11	35000000	35200000	0.001482	296.497216
superscaffold11	35200000	35400000	0.001519	303.881208
superscaffold11	35400000	35600000	0.000917	183.401068
superscaffold11	35600000	35800000	0.000731	146.102459
superscaffold11	35800000	36000000	0.000924	184.86006
superscaffold11	36000000	36200000	0.001063	212.537333
superscaffold11	36200000	36400000	0.002111	422.153127
superscaffold11	36400000	36600000	0.001277	255.410177
superscaffold11	36600000	36800000	0.001303	260.512759
superscaffold11	36800000	37000000	0.001644	328.8383
superscaffold11	37000000	37200000	0.001829	365.721829
superscaffold11	37200000	37400000	0.001951	390.135303
superscaffold11	37400000	37600000	0.001656	331.10939
superscaffold11	37600000	37800000	0.001236	247.217137
superscaffold11	37800000	38000000	0.001168	233.579276
superscaffold11	38000000	38200000	0.000798	159.52673
superscaffold11	38200000	38400000	0.001085	216.975399
superscaffold11	38400000	38600000	0.001087	217.337254
superscaffold11	38600000	38800000	0.001133	226.656916
superscaffold11	38800000	39000000	0.000972	194.348645
superscaffold11	39000000	39200000	0.000681	136.21005
superscaffold11	39200000	39400000	0.000669	133.810882
superscaffold11	39400000	39600000	0.000749	149.808217
superscaffold11	39600000	39800000	0.00091	182.094135
superscaffold11	39800000	40000000	0.001152	230.315924
superscaffold11	40000000	40200000	0.001424	284.833754
superscaffold11	40200000	40400000	0.001436	287.217682
superscaffold11	40400000	40600000	0.001274	254.831487
superscaffold11	40600000	40800000	0.001182	236.341774
superscaffold11	40800000	41000000	0.001195	238.972808
superscaffold11	41000000	41200000	0.000985	196.993935
superscaffold11	41200000	41400000	0.00105	209.949393
superscaffold11	41400000	41600000	0.001155	230.996343
superscaffold11	41600000	41821358	0.001486	328.867877
