Scaffold	Locus_start	Locus_end	Mean_rho	Median	L95	U95
superscaffold11	161	207211	 139.93268	 139.85866	 133.09469	 146.85689
superscaffold11	165810	517720	 120.36430	 120.07055	 114.88511	 128.11351
superscaffold11	475552	721383	  78.64895	  78.62048	  74.54955	  82.97560
superscaffold11	675778	902637	  94.92069	  94.92795	  90.75624	  99.19963
superscaffold11	853311	1067698	 113.93194	 113.88493	 108.86829	 119.31599
superscaffold11	1024335	1191404	  84.23116	  84.21107	  80.40462	  88.53053
superscaffold11	1158705	1344427	 114.49990	 114.44223	 109.37574	 120.36155
superscaffold11	1296861	1478566	 127.95645	 127.81381	 122.00189	 134.79558
superscaffold11	1444603	1639026	 171.20226	 170.98940	 161.18740	 182.43441
superscaffold11	1594667	1860673	 117.61580	 117.46977	 112.32293	 123.64148
superscaffold11	1798633	2039850	  98.63761	  98.58951	  94.23708	 103.19275
superscaffold11	2005142	2219812	  77.94526	  77.87049	  74.21273	  82.05962
superscaffold11	2175654	2345265	  73.70331	  73.66021	  70.08093	  77.60556
superscaffold11	2322150	2446748	  83.98383	  83.96591	  80.23220	  87.84007
superscaffold11	2427828	2557605	 102.36140	 102.31998	  98.54046	 106.30608
superscaffold11	2515297	2707633	  78.00695	  77.96967	  74.08110	  82.14731
superscaffold11	2659534	2875196	 118.52166	 118.45641	 113.58933	 123.86051
superscaffold11	2833179	3042751	 168.31803	 168.20125	 160.56620	 176.61873
superscaffold11	3006945	3210969	 136.47973	 136.24020	 128.06245	 146.58749
superscaffold11	3170346	3387716	 164.80622	 164.73880	 157.15352	 173.10974
superscaffold11	3336203	3621122	  64.82413	  64.77166	  61.80205	  68.16268
superscaffold11	3577938	3803558	  74.11928	  74.05748	  70.38792	  78.10934
superscaffold11	3759032	3966454	 100.93442	 100.88597	  96.26903	 105.77106
superscaffold11	3927254	4124838	 108.04320	 107.94801	 103.16841	 113.43685
superscaffold11	4090848	4309739	 130.21733	 130.20482	 124.39049	 136.14294
superscaffold11	4273970	4498140	  82.74228	  82.68408	  78.36477	  87.34551
superscaffold11	4455299	4713517	  68.37646	  68.32341	  65.29516	  71.75556
superscaffold11	4656445	4949329	  64.61081	  64.59766	  61.82454	  67.51684
superscaffold11	4893178	5145478	 122.00807	 121.96139	 116.72757	 127.73814
superscaffold11	5116270	5271373	 198.82243	 198.67368	 190.32053	 207.93239
superscaffold11	5235610	5393800	 187.82474	 187.79735	 179.11057	 196.63072
superscaffold11	5358784	5554242	 174.51848	 174.38242	 167.48894	 182.37466
superscaffold11	5524502	5726478	 189.48397	 189.39974	 181.33071	 197.94125
superscaffold11	5678630	5862481	 183.53050	 183.24520	 174.47737	 194.19108
superscaffold11	5832347	6011851	 109.68759	 109.62043	 105.41431	 114.33546
superscaffold11	5968962	6131591	 108.71042	 108.65737	 103.78182	 114.11589
superscaffold11	6098873	6287831	  91.02059	  90.99797	  87.54023	  94.70373
superscaffold11	6247454	6473242	  64.50451	  64.51250	  61.95778	  67.11799
superscaffold11	6435941	6646723	  83.13344	  83.09540	  80.27203	  86.11113
superscaffold11	6596290	6827134	  63.35122	  63.31341	  61.02388	  65.81766
superscaffold11	6789086	6997443	  53.37880	  53.42321	  51.40849	  55.19096
superscaffold11	6953094	7172911	  40.34479	  40.33020	  38.50964	  42.20206
superscaffold11	7128850	7396867	  38.01063	  37.98341	  36.64396	  39.51203
superscaffold11	7334350	7640338	  38.43212	  38.26922	  36.23157	  41.86966
superscaffold11	7589470	7834475	  44.24640	  44.22686	  42.55423	  46.02479
superscaffold11	7799175	8016433	  49.12364	  49.09867	  47.45226	  50.86601
superscaffold11	7976216	8172261	  59.53790	  59.48605	  56.59283	  62.59576
superscaffold11	8135117	8304134	  77.39344	  77.33208	  73.91190	  81.17248
superscaffold11	8281428	8418616	  78.43569	  78.39590	  75.71909	  81.27215
superscaffold11	8384641	8589874	  64.00508	  64.00680	  61.69859	  66.44600
superscaffold11	8547308	8774692	  72.67413	  72.62363	  69.82266	  75.64836
superscaffold11	8723817	8996544	  63.99455	  63.99061	  61.82812	  66.32224
superscaffold11	8946959	9166327	  71.52879	  71.51051	  69.28847	  73.90530
superscaffold11	9124891	9359198	  78.68808	  78.64018	  75.65234	  81.86552
superscaffold11	9317268	9545913	  72.01374	  71.82628	  67.72854	  77.12632
superscaffold11	9512551	9682833	  65.88366	  65.86882	  63.35970	  68.57356
superscaffold11	9656762	9833453	  88.72981	  88.67119	  85.15283	  92.37134
superscaffold11	9786458	10011808	  74.93388	  74.88797	  71.60222	  78.48545
superscaffold11	9966572	10172572	  75.65167	  75.61483	  72.58373	  79.03758
superscaffold11	10144674	10280120	  71.91792	  71.90392	  69.16589	  74.83603
superscaffold11	10254853	10423079	  83.22201	  83.17595	  80.29340	  86.38751
superscaffold11	10389917	10589823	  76.45919	  76.45883	  73.62211	  79.41263
superscaffold11	10561210	10765056	  70.79123	  70.76344	  67.74036	  73.86214
superscaffold11	10702482	10959429	  66.36473	  66.33625	  63.68168	  69.02155
superscaffold11	10913391	11199345	  69.25162	  69.21787	  66.75808	  71.84544
superscaffold11	11133612	11417044	  62.45794	  62.44505	  60.18213	  64.84125
superscaffold11	11356070	11609143	  65.45192	  65.42111	  63.22920	  67.97557
superscaffold11	11561326	11825384	  84.66016	  84.64083	  81.61310	  87.79028
superscaffold11	11781347	11993277	 104.43734	 104.46342	 100.67954	 108.35441
superscaffold11	11955361	12186799	  88.17710	  88.12010	  85.04236	  91.40951
superscaffold11	12149428	12340228	  90.80292	  90.73458	  87.56046	  94.22798
superscaffold11	12316314	12508859	  96.40096	  96.37736	  92.91392	 100.04244
superscaffold11	12457775	12699913	 104.22591	 104.19080	  99.94019	 108.95614
superscaffold11	12654992	12857002	  60.68838	  60.53546	  57.36472	  64.65031
superscaffold11	12819618	13027601	  68.46045	  68.42149	  65.79011	  71.28077
superscaffold11	12982361	13282839	  81.59853	  81.55355	  78.91200	  84.41576
superscaffold11	13230676	13504612	  51.22367	  51.22542	  49.51750	  52.98987
superscaffold11	13454869	13719530	  36.34610	  36.35516	  34.75248	  37.86833
superscaffold11	13674245	13901016	  33.05486	  33.02070	  31.85587	  34.47501
superscaffold11	13851119	14118820	  40.61147	  40.57449	  37.59703	  44.18072
superscaffold11	14069846	14329045	  78.82782	  78.80439	  75.84533	  81.92780
superscaffold11	14287954	14602989	  73.11950	  73.07596	  70.17848	  76.36984
superscaffold11	14572252	14752897	  70.54166	  70.47995	  67.36626	  74.27074
superscaffold11	14712008	14941280	  79.36196	  79.34112	  76.52423	  82.31816
superscaffold11	14885521	15098277	  66.79183	  66.75586	  64.00547	  69.72144
superscaffold11	15066469	15241737	  65.97501	  65.85406	  62.64005	  70.00924
superscaffold11	15205684	15361232	  74.21762	  74.20021	  71.50071	  77.17515
superscaffold11	15330438	15520876	  93.69078	  93.59805	  89.78586	  97.93988
superscaffold11	15488522	15699447	 143.76122	 143.69381	 138.48229	 149.21214
superscaffold11	15647557	15872611	 113.26620	 113.18542	 108.64145	 118.28590
superscaffold11	15835899	16021033	 159.94100	 159.82859	 152.99658	 167.56631
superscaffold11	15996462	16173001	 145.60164	 145.55547	 140.64683	 150.90023
superscaffold11	16128322	16352292	 101.62366	 101.61748	  97.91203	 105.64892
superscaffold11	16309599	16530981	  97.22235	  97.17867	  93.69957	 101.10825
superscaffold11	16475184	16718881	 111.08809	 110.99381	 107.02755	 115.34088
superscaffold11	16661783	16882102	  92.47015	  92.41669	  88.94992	  96.50182
superscaffold11	16832881	17076390	 127.26808	 127.16143	 121.32345	 133.85986
superscaffold11	17022039	17255385	 131.53555	 131.45516	 126.13574	 137.27205
superscaffold11	17222250	17420598	 124.86753	 124.80946	 119.72060	 130.19163
superscaffold11	17387540	17598745	  76.91750	  76.87392	  73.72043	  80.32043
superscaffold11	17564668	17763020	  75.91801	  75.88230	  72.77185	  79.31363
superscaffold11	17720397	17940190	  86.43399	  86.38114	  82.98195	  90.09625
superscaffold11	17893403	18104076	  89.86211	  89.87242	  86.43739	  93.45735
superscaffold11	18046996	18292123	  77.46382	  77.40689	  74.54736	  80.58447
superscaffold11	18239450	18474896	  65.85063	  65.80358	  62.70213	  69.29702
superscaffold11	18437560	18634696	  83.26176	  83.08668	  78.69554	  88.45453
superscaffold11	18592377	18809660	  66.52296	  66.48538	  63.49288	  69.67036
superscaffold11	18773431	18951104	  75.80120	  75.70377	  72.27943	  79.54288
superscaffold11	18907229	19108487	  60.86487	  60.85464	  58.26205	  63.66951
superscaffold11	19067006	19255083	  61.71929	  61.68660	  59.30274	  64.33030
superscaffold11	19213403	19422263	  55.76350	  55.63431	  51.02565	  61.06906
superscaffold11	19372750	19594621	  69.17928	  69.10497	  65.49638	  73.18823
superscaffold11	19567187	19711252	  79.22026	  79.16400	  76.39933	  82.27415
superscaffold11	19680565	19923802	  76.69573	  76.63806	  73.56425	  80.09970
superscaffold11	19873705	20113363	  71.78555	  71.72614	  68.74336	  74.83330
superscaffold11	20070735	20265909	  82.34107	  82.31083	  78.44465	  86.34621
superscaffold11	20224820	20441930	 102.51281	 102.40993	  96.97407	 108.49274
superscaffold11	20403056	20580729	  86.44451	  86.39137	  81.32070	  92.06950
superscaffold11	20540385	20749437	  56.82919	  56.79842	  54.10748	  59.64629
superscaffold11	20702445	20934242	  67.29428	  67.23829	  64.36205	  70.48359
superscaffold11	20884507	21089525	 121.61528	 121.36445	 116.23830	 128.49505
superscaffold11	21057886	21218078	  76.12259	  76.10270	  73.14084	  79.22258
superscaffold11	21191126	21394001	  55.83991	  55.80734	  53.28888	  58.44586
superscaffold11	21354003	21570992	  86.64235	  86.56900	  81.53025	  92.24642
superscaffold11	21520229	21786146	 120.82224	 120.65810	 114.61895	 127.42255
superscaffold11	21724846	21974009	 158.80201	 158.54563	 150.37663	 168.65810
superscaffold11	21927979	22140617	 135.42268	 135.37092	 129.86358	 141.63986
superscaffold11	22099567	22328273	 106.83845	 106.71828	 102.17248	 111.78637
superscaffold11	22278916	22531601	 115.06317	 115.14043	 108.58786	 121.50338
superscaffold11	22472389	22765087	 104.50369	 104.30629	  97.42641	 112.60985
superscaffold11	22711975	22973521	  61.75878	  61.73146	  58.80215	  64.85410
superscaffold11	22934359	23126044	  65.70683	  65.39198	  61.98012	  71.02625
superscaffold11	23092689	23254982	  86.71094	  86.67302	  83.18850	  90.46590
superscaffold11	23227211	23388484	 108.94356	 108.85936	 103.76274	 114.70123
superscaffold11	23361476	23520324	 120.93637	 120.93506	 115.81845	 126.23931
superscaffold11	23486619	23705101	  99.42880	  99.43791	  95.08716	 103.89239
superscaffold11	23650502	23869083	  91.13581	  91.07494	  87.52370	  95.01523
superscaffold11	23835451	24040305	 122.59721	 122.51200	 117.98866	 127.40066
superscaffold11	23996998	24208854	 110.62146	 110.65582	 105.48812	 115.47562
superscaffold11	24166062	24364067	  75.59065	  75.56373	  72.37320	  78.87484
superscaffold11	24315608	24524332	 110.52354	 110.51526	 106.46822	 114.56122
superscaffold11	24484011	24703712	 148.04250	 146.77201	 139.36436	 163.44120
superscaffold11	24659096	24846356	 194.25211	 194.21238	 185.74580	 203.07718
superscaffold11	24812507	24969218	 153.76830	 153.69799	 146.87325	 160.98505
superscaffold11	24936083	25140037	 153.01236	 152.86985	 146.45006	 159.88163
superscaffold11	25093282	25276079	 105.24076	 105.19616	 101.41252	 109.43178
superscaffold11	25253085	25409421	 150.26547	 150.19967	 144.28684	 156.44057
superscaffold11	25368552	25564676	 135.53742	 135.46485	 130.19193	 141.11109
superscaffold11	25527793	25743471	 125.29377	 125.28865	 120.60412	 130.11451
superscaffold11	25687956	25953863	 145.98987	 145.65062	 138.32636	 155.84486
superscaffold11	25899729	26146550	  79.71244	  79.71427	  76.55209	  83.03943
superscaffold11	26097641	26325266	  93.20027	  93.07374	  88.46805	  98.48878
superscaffold11	26266005	26535736	 135.00049	 134.92275	 129.17505	 141.33152
superscaffold11	26488563	26659391	 156.89132	 156.89858	 150.42853	 163.53927
superscaffold11	26625367	26803293	 149.17003	 149.06757	 142.67965	 156.19500
superscaffold11	26765994	26952798	  93.23015	  93.13349	  88.35938	  98.73630
superscaffold11	26914911	27119482	 102.62961	 102.58871	  97.84185	 107.68365
superscaffold11	27076775	27297647	 132.18331	 132.02701	 126.15103	 139.43242
superscaffold11	27248444	27430962	 171.58678	 171.52389	 163.84102	 179.44428
superscaffold11	27403302	27529196	 199.12639	 199.05474	 189.96542	 208.98073
superscaffold11	27504336	27648218	 176.60341	 176.54129	 169.46571	 184.00120
superscaffold11	27617737	27777840	 233.81360	 233.65691	 223.17357	 245.44889
superscaffold11	27748840	27953909	 203.04828	 202.84287	 191.80656	 215.52840
superscaffold11	27913409	28114960	 172.92613	 172.62827	 162.52286	 184.06163
superscaffold11	28067824	28283580	 135.91979	 135.82451	 130.14595	 142.24287
superscaffold11	28248964	28419334	 145.78768	 145.71365	 139.67414	 152.28111
superscaffold11	28383831	28545196	 173.94874	 173.80011	 166.72283	 181.77469
superscaffold11	28514377	28677433	 163.46813	 163.40405	 156.47504	 170.58018
superscaffold11	28649698	28789387	 112.36687	 112.34551	 107.83863	 116.94660
superscaffold11	28756900	28930912	 146.19635	 146.11594	 141.02740	 151.85302
superscaffold11	28897887	29037143	 139.87246	 139.85354	 134.99977	 144.75011
superscaffold11	29012818	29150429	 198.06300	 197.70523	 182.70445	 214.79381
superscaffold11	29118325	29289756	 127.40462	 127.32080	 122.59186	 132.40037
superscaffold11	29257228	29431047	 126.59445	 126.53645	 121.22942	 132.20957
superscaffold11	29404598	29537528	 185.84746	 185.61319	 176.34454	 196.51317
superscaffold11	29504860	29673340	 280.45613	 280.23087	 266.53010	 295.02340
superscaffold11	29644830	29799990	 206.56636	 206.35851	 196.70717	 217.56912
superscaffold11	29760886	29935627	 223.93271	 223.91907	 212.72087	 236.23594
superscaffold11	29901241	30060935	 329.30899	 329.32270	 314.20507	 345.09853
superscaffold11	30030059	30177721	 252.75644	 252.63394	 239.31265	 266.96619
superscaffold11	30150781	30308327	 184.83917	 184.69360	 177.11274	 193.61487
superscaffold11	30269258	30439880	 214.57316	 214.40846	 204.12567	 225.80731
superscaffold11	30410961	30563486	 157.33962	 157.22629	 149.85693	 165.89122
superscaffold11	30533354	30669670	 233.83652	 233.54932	 221.53407	 248.46476
superscaffold11	30641166	30774659	 254.54885	 254.42770	 241.82397	 267.72890
superscaffold11	30747286	30888266	 211.58901	 211.35640	 200.27771	 223.58902
superscaffold11	30856150	31005946	 121.50654	 121.46092	 116.06812	 127.15067
superscaffold11	30972736	31130681	 198.82466	 198.78474	 189.35257	 208.54029
superscaffold11	31105588	31227199	 209.37563	 209.30138	 200.31973	 218.78508
superscaffold11	31202516	31353751	 198.94874	 198.84056	 190.41174	 208.35559
superscaffold11	31312300	31476982	 178.51280	 178.45051	 170.19405	 186.86954
superscaffold11	31445590	31621664	 192.72299	 192.50439	 182.24098	 203.67210
superscaffold11	31586325	31757941	 157.34643	 157.18905	 149.65656	 166.68944
superscaffold11	31718085	31898229	 187.02960	 187.03865	 177.57495	 196.58094
superscaffold11	31867270	32049952	 205.51932	 205.50649	 196.36022	 214.93665
superscaffold11	32017198	32168795	 273.87498	 273.64169	 261.44742	 287.19852
superscaffold11	32144316	32336891	 197.37559	 196.65340	 184.34805	 213.40854
superscaffold11	32294561	32475421	 179.55996	 179.53591	 171.40342	 188.31724
superscaffold11	32443421	32619540	 144.96556	 144.99298	 136.74432	 153.01418
superscaffold11	32590683	32732826	 165.35443	 165.29678	 158.40211	 172.72118
superscaffold11	32705826	32864753	 210.74308	 210.75155	 202.00497	 219.68086
superscaffold11	32824287	32975806	 208.55019	 208.50047	 200.40202	 217.07144
superscaffold11	32942340	33118863	 179.92159	 179.79468	 172.73123	 187.76423
superscaffold11	33095768	33247531	 210.23717	 210.11711	 201.50913	 219.17290
superscaffold11	33216583	33368682	 219.63825	 219.37106	 209.04303	 231.47149
superscaffold11	33338990	33480378	 158.44087	 158.39909	 151.10414	 166.25158
superscaffold11	33448852	33594012	 179.73805	 179.63358	 171.98457	 188.11542
superscaffold11	33565588	33705351	 240.58729	 240.51448	 230.51076	 251.28814
superscaffold11	33676865	33838649	 176.38878	 176.33940	 169.13933	 183.78901
superscaffold11	33807262	33968075	 255.70659	 255.60954	 244.61708	 267.23388
superscaffold11	33935241	34083550	 258.27011	 258.25891	 245.48213	 272.36342
superscaffold11	34057041	34207099	 240.46498	 240.30769	 229.37660	 252.22274
superscaffold11	34177507	34340223	 217.40620	 217.19676	 205.81781	 230.11565
superscaffold11	34303029	34471043	 163.27211	 162.83235	 153.67999	 175.57555
superscaffold11	34437836	34583980	 227.54148	 227.31145	 215.72518	 240.71135
superscaffold11	34541413	34718062	 215.64141	 215.51598	 203.23950	 228.86340
superscaffold11	34683558	34849769	 185.10251	 185.05832	 177.39767	 193.22946
superscaffold11	34818441	34950789	 290.02049	 289.67572	 273.48598	 307.93226
superscaffold11	34928700	35074513	 265.10958	 264.75969	 251.10344	 280.61947
superscaffold11	35040405	35208104	 223.87327	 223.74570	 212.59001	 235.52773
superscaffold11	35181741	35317486	 243.60966	 243.57838	 231.31631	 255.87927
superscaffold11	35288541	35442730	 212.78542	 212.74639	 203.73363	 222.49924
superscaffold11	35404337	35580873	 148.16624	 148.15020	 142.52462	 154.15079
superscaffold11	35537241	35719465	  95.89665	  95.84881	  92.61301	  99.54976
superscaffold11	35685670	35839798	 128.01041	 127.97855	 123.36562	 132.87607
superscaffold11	35802827	35933295	 149.91057	 149.86503	 143.65048	 156.76924
superscaffold11	35910681	36084261	 119.57953	 119.52135	 115.39359	 123.96921
superscaffold11	36046349	36193982	 158.69688	 158.65369	 151.93297	 165.48442
superscaffold11	36168169	36277054	 209.86680	 209.59111	 199.04863	 222.17673
superscaffold11	36259994	36360429	 234.29805	 234.04325	 222.96070	 246.49562
superscaffold11	36336883	36443676	 228.87689	 228.82111	 218.46218	 239.86252
superscaffold11	36421320	36537716	 150.19481	 150.13084	 144.70183	 155.98622
superscaffold11	36517190	36634249	 140.98335	 140.87690	 133.83861	 149.01747
superscaffold11	36608339	36725622	 168.95761	 168.94324	 161.78621	 176.16066
superscaffold11	36700537	36811490	 159.34615	 159.20850	 151.73726	 168.01511
superscaffold11	36787787	36889508	 137.44574	 137.37935	 132.05166	 143.18818
superscaffold11	36869345	36969253	 183.41625	 183.22076	 175.44147	 191.61899
superscaffold11	36951438	37035114	 175.91627	 175.66343	 167.91478	 185.20947
superscaffold11	37014448	37108822	 185.10695	 184.96885	 177.74512	 193.06621
superscaffold11	37091685	37187094	 154.61836	 154.60256	 149.28797	 160.21102
superscaffold11	37166699	37255178	 189.53188	 189.50595	 183.35383	 195.76451
superscaffold11	37238309	37332441	 179.45135	 179.39377	 172.54258	 186.81327
superscaffold11	37314434	37413471	 180.82452	 180.79687	 174.66457	 187.31036
superscaffold11	37394846	37495492	 250.47514	 250.17513	 239.50520	 262.57230
superscaffold11	37472985	37592707	 143.02915	 143.03166	 137.58614	 148.64651
superscaffold11	37563510	37692070	 144.19761	 144.14763	 139.66086	 149.05464
superscaffold11	37672375	37780136	 169.34726	 169.33854	 162.97004	 176.14336
superscaffold11	37754917	37883165	 174.66513	 174.68122	 167.94635	 181.60277
superscaffold11	37856203	37997054	 167.49544	 167.41277	 161.67189	 173.44993
superscaffold11	37967031	38137690	 134.20468	 134.10882	 128.10823	 140.79006
superscaffold11	38106453	38255739	 137.26301	 137.24470	 133.24362	 141.36698
superscaffold11	38228077	38348872	 146.59156	 146.59155	 142.10650	 151.17351
superscaffold11	38329366	38453122	 146.14155	 146.11638	 140.56889	 151.86879
superscaffold11	38426806	38554674	 149.07594	 149.02772	 142.93019	 155.59583
superscaffold11	38532366	38659411	 150.75830	 150.73445	 145.47627	 156.42034
superscaffold11	38627729	38784707	 168.29052	 168.24313	 161.01791	 175.82109
superscaffold11	38752890	38890191	 168.97614	 168.89348	 162.41822	 175.90764
superscaffold11	38861704	38999725	 111.02124	 110.95596	 106.46979	 116.02860
superscaffold11	38970427	39119989	 103.51251	 103.47633	  99.47446	 107.71493
superscaffold11	39095211	39240523	  93.69742	  93.66407	  90.35681	  97.09487
superscaffold11	39205278	39359241	 110.16493	 110.17665	 106.48974	 113.81235
superscaffold11	39329913	39471026	 121.01168	 120.92367	 116.38222	 126.18227
superscaffold11	39443512	39600323	 124.33484	 124.31898	 120.14201	 128.67014
superscaffold11	39568430	39721450	 116.56317	 116.44098	 112.18649	 121.26154
superscaffold11	39691791	39822170	 146.76590	 146.76501	 141.59381	 152.24358
superscaffold11	39797613	39925872	 131.60369	 131.60769	 126.42965	 137.03247
superscaffold11	39903241	40035024	 182.57299	 182.39492	 171.74112	 193.78061
superscaffold11	40010502	40139598	 169.61355	 169.50471	 162.47174	 177.15956
superscaffold11	40119219	40239590	 217.93019	 217.74542	 205.18338	 231.88207
superscaffold11	40218097	40369171	 211.36542	 211.02592	 199.74041	 224.39975
superscaffold11	40345757	40472323	 234.42609	 234.37648	 222.19187	 246.39146
superscaffold11	40443753	40587950	 191.92562	 191.85302	 180.89638	 204.26242
superscaffold11	40558422	40713450	 194.52661	 194.38120	 184.95444	 204.78947
superscaffold11	40696217	40811399	 171.65440	 171.55951	 163.46095	 180.34369
superscaffold11	40784482	40921636	 163.52847	 163.41323	 156.95040	 170.61049
superscaffold11	40891364	41031915	 161.56935	 161.58039	 155.11409	 168.24833
superscaffold11	41004672	41153372	 166.38084	 166.36838	 159.19334	 174.30786
superscaffold11	41120674	41282106	 167.54602	 167.46909	 160.89704	 174.45112
superscaffold11	41251072	41403068	 179.26222	 179.23462	 170.96787	 188.14655
superscaffold11	41376904	41518418	 174.88396	 174.81523	 166.73652	 183.16711
superscaffold11	41491949	41630160	 152.14913	 152.02106	 145.25246	 159.56485
superscaffold11	41597286	41725259	 195.65458	 195.07543	 182.96473	 211.21833
superscaffold11	41725382	41821175	 156.32224	 156.25550	 147.29828	 165.68428