window	Window_start	Window_end	chr	chr_start	chr_end	scaffold	scaf_start	scaf_end	rho_per_bp	rho_per_window
ChrZ	1	200000	ChrZ	149449	354022	superscaffold26	149449	354022	0.001016	203.27749
ChrZ	200001	400000	ChrZ	309765	491202	superscaffold26	309765	491202	0.000861	172.144592
ChrZ	400001	600000	ChrZ	566018	714296	superscaffold26	566018	714296	0.001825	364.906844
ChrZ	600001	800000	ChrZ	683158	865588	superscaffold26	683158	865588	0.00179	357.970334
ChrZ	800001	1000000	ChrZ	931740	1054577	superscaffold26	931740	1054577	0.002432	486.374285
ChrZ	1000001	1200000	ChrZ	1029606	1152642	superscaffold26	1029606	1152642	0.002737	547.454335
ChrZ	1200001	1400000	ChrZ	1308055	1434133	superscaffold26	1308055	1434133	0.0027	539.983594
ChrZ	1400001	1600000	ChrZ	1520800	1665884	superscaffold26	1520800	1665884	0.003263	652.63012
ChrZ	1600001	1800000	ChrZ	1633132	1765168	superscaffold26	1633132	1765168	0.003119	623.703197
ChrZ	1800001	2000000	ChrZ	1931003	2046607	superscaffold26	1931003	2046607	0.00203	405.991031
ChrZ	2000001	2200000	ChrZ	2019659	2141499	superscaffold26	2019659	2141499	0.003104	620.706075
ChrZ	2200001	2400000	ChrZ	2302112	2401672	superscaffold26	2302112	2401672	0.004297	859.443136
ChrZ	2400001	2600000	ChrZ	2540507	2632486	superscaffold26	2540507	2632486	0.002646	529.189517
ChrZ	2600001	2800000	ChrZ	2706981	2844072	superscaffold26	2706981	2844072	0.001862	372.367208
ChrZ	2800001	3000000	ChrZ	2990442	3148132	superscaffold26	2990442	3148132	0.00203	405.968991
ChrZ	3000001	3200000	ChrZ	3125760	3232213	superscaffold26	3125760	3232213	0.002561	512.231655
ChrZ	3200001	3400000	ChrZ	3125760	3232213	superscaffold26	3125760	3232213	0.002934	586.821569
ChrZ	3400001	3600000	ChrZ	3595774	3709760	superscaffold26	3595774	3709760	0.002404	480.82429
ChrZ	3600001	3800000	ChrZ	3788733	3921681	superscaffold26	3788733	3921681	0.002446	489.228061
ChrZ	3800001	4000000	ChrZ	3895334	4056672	superscaffold26	3895334	4056672	0.002324	464.701371
ChrZ	4000001	4200000	ChrZ	4128872	4260681	superscaffold26	4128872	4260681	0.002265	452.954827
ChrZ	4200001	4400000	ChrZ	4128872	4260681	superscaffold26	4128872	4260681	0.001906	381.242479
ChrZ	4400001	4600000	ChrZ	4589844	4730463	superscaffold26	4589844	4730463	0.001176	235.268995
ChrZ	4600001	4800000	ChrZ	4697941	4864257	superscaffold26	4697941	4864257	0.001707	341.441257
ChrZ	4800001	5000000	ChrZ	4956799	5071341	superscaffold26	4956799	5071341	0.001344	268.786131
ChrZ	5000001	5200000	ChrZ	5154573	5297026	superscaffold26	5154573	5297026	0.001829	365.753124
ChrZ	5200001	5400000	ChrZ	5154573	5297026	superscaffold26	5154573	5297026	0.001553	310.510956
ChrZ	5400001	5600000	ChrZ	5502509	5653155	superscaffold26	5502509	5653155	0.001327	265.399964
ChrZ	5600001	5800000	ChrZ	5752125	5925620	superscaffold26	5752125	5925620	0.001092	218.465949
ChrZ	5800001	6000000	ChrZ	5899192	6055504	superscaffold26	5899192	6055504	0.001306	261.290165
ChrZ	6000001	6200000	ChrZ	6157268	6293239	superscaffold26	6157268	6293239	0.001028	205.68214
ChrZ	6200001	6400000	ChrZ	6267872	6403296	superscaffold26	6267872	6403296	0.000784	156.892031
ChrZ	6400001	6600000	ChrZ	6267872	6403296	superscaffold26	6267872	6403296	0.000858	171.665811
ChrZ	6600001	6800000	ChrZ	6752613	6887670	superscaffold26	6752613	6887670	0.000793	158.641894
ChrZ	6800001	7000000	ChrZ	6962847	7105793	superscaffold26	6962847	7105793	0.000889	177.740774
ChrZ	7000001	7200000	ChrZ	7190873	7322476	superscaffold26	7190873	7322476	0.000913	182.577506
ChrZ	7200001	7400000	ChrZ	7294095	7417410	superscaffold26	7294095	7417410	0.001422	284.393948
ChrZ	7400001	7600000	ChrZ	7294095	7417410	superscaffold26	7294095	7417410	0.001034	206.789306
ChrZ	7600001	7800000	ChrZ	7711293	7850993	superscaffold26	7711293	7850993	0.001064	212.893963
ChrZ	7800001	8000000	ChrZ	7930287	8057196	superscaffold26	7930287	8057196	0.001234	246.707134
ChrZ	8000001	8200000	ChrZ	8144073	8293698	superscaffold26	8144073	8293698	0.001204	240.821064
ChrZ	8200001	8400000	ChrZ	8385781	8526763	superscaffold26	8385781	8526763	0.000698	139.553751
ChrZ	8400001	8600000	ChrZ	8385781	8526763	superscaffold26	8385781	8526763	0.00099	198.064391
ChrZ	8600001	8800000	ChrZ	8728579	8888252	superscaffold26	8728579	8888252	0.000761	152.28168
ChrZ	8800001	9000000	ChrZ	8959578	9102894	superscaffold26	8959578	9102894	0.000833	166.560271
ChrZ	9000001	9200000	ChrZ	9186134	9341303	superscaffold26	9186134	9341303	0.000874	174.717808
ChrZ	9200001	9400000	ChrZ	9312706	9514102	superscaffold26	9312706	9514102	0.000757	151.424634
ChrZ	9400001	9600000	ChrZ	9312706	9514102	superscaffold26	9312706	9514102	0.000453	90.661858
ChrZ	9600001	9800000	ChrZ	9659032	9897300	superscaffold26	9659032	9897300	0.000341	68.268529
ChrZ	9800001	10000000	ChrZ	9839855	10060068	superscaffold26	9839855	10060068	0.000437	87.318451
ChrZ	10000001	10200000	ChrZ	10159558	10306781	superscaffold26	10159558	10306781	0.000641	128.206715
ChrZ	10200001	10400000	ChrZ	10279599	10489107	superscaffold26	10279599	10489107	0.000668	133.601146
ChrZ	10400001	10600000	ChrZ	10449765	10627830	superscaffold26	10449765	10627830	0.000581	116.119722
ChrZ	10600001	10800000	ChrZ	10449765	10627830	superscaffold26	10449765	10627830	0.000801	160.099664
ChrZ	10800001	11000000	ChrZ	10885082	11045321	superscaffold26	10885082	11045321	0.001334	266.842243
ChrZ	11000001	11200000	ChrZ	11123005	11261190	superscaffold26	11123005	11261190	0.001592	318.401557
ChrZ	11200001	11400000	ChrZ	11330796	11468736	superscaffold26	11330796	11468736	0.001284	256.860712
ChrZ	11400001	11600000	ChrZ	11444164	11594616	superscaffold26	11444164	11594616	0.000974	194.856956
ChrZ	11600001	11800000	ChrZ	11691071	11842798	superscaffold26	11691071	11842798	0.000938	187.589747
ChrZ	11800001	12000000	ChrZ	11934525	12139692	superscaffold26	11934525	12139692	0.001016	203.217011
ChrZ	12000001	12200000	ChrZ	12097688	12412458	superscaffold26	12097688	12412458	0.000602	120.336654
ChrZ	12200001	12400000	ChrZ	12382143	12552872	superscaffold26	12382143	12552872	0.000467	93.422506
ChrZ	12400001	12600000	ChrZ	12510044	12705135	superscaffold26	12510044	12705135	0.000603	120.592927
ChrZ	12600001	12800000	ChrZ	12510044	12705135	superscaffold26	12510044	12705135	0.000448	89.543858
ChrZ	12800001	13000000	ChrZ	12949088	13138948	superscaffold26	12949088	13138948	0.00043	85.998577
ChrZ	13000001	13200000	ChrZ	13092989	13303884	superscaffold26	13092989	13303884	0.000407	81.454104
ChrZ	13200001	13400000	ChrZ	13275856	13497036	superscaffold26	13275856	13497036	0.000334	66.858812
ChrZ	13400001	13600000	ChrZ	13445565	13648660	superscaffold26	13445565	13648660	0.000538	107.584076
ChrZ	13600001	13800000	ChrZ	13618940	13787488	superscaffold26	13618940	13787488	0.000727	145.385761
ChrZ	13800001	14000000	ChrZ	13895367	14072281	superscaffold26	13895367	14072281	0.00054	108.026604
ChrZ	14000001	14200000	ChrZ	14029033	14283074	superscaffold26	14029033	14283074	0.000365	73.065237
ChrZ	14200001	14400000	ChrZ	14220984	14456187	superscaffold26	14220984	14456187	0.000364	72.731738
ChrZ	14400001	14600000	ChrZ	14580133	14847940	superscaffold26	14580133	14847940	0.000497	99.361222
ChrZ	14600001	14800000	ChrZ	14580133	14847940	superscaffold26	14580133	14847940	0.000366	73.101638
ChrZ	14800001	15000000	ChrZ	14580133	14847940	superscaffold26	14580133	14847940	0.000298	59.510732
ChrZ	15000001	15200000	ChrZ	15179261	15451280	superscaffold26	15179261	15451280	0.000253	50.516938
ChrZ	15200001	15400000	ChrZ	15179261	15451280	superscaffold26	15179261	15451280	0.000216	43.246813
ChrZ	15400001	15600000	ChrZ	15401520	15669138	superscaffold26	15401520	15669138	0.000335	66.914256
ChrZ	15600001	15800000	ChrZ	15616151	15867401	superscaffold26	15616151	15867401	0.000394	78.810897
ChrZ	15800001	16000000	ChrZ	15616151	15867401	superscaffold26	15616151	15867401	0.000345	69.032327
ChrZ	16000001	16200000	ChrZ	16006524	16283177	superscaffold26	16006524	16283177	0.000284	56.706303
ChrZ	16200001	16400000	ChrZ	16203269	16435128	superscaffold26	16203269	16435128	0.000346	69.23934
ChrZ	16400001	16600000	ChrZ	16565192	16822666	superscaffold26	16565192	16822666	0.000326	65.193595
ChrZ	16600001	16800000	ChrZ	16565192	16822666	superscaffold26	16565192	16822666	0.00043	86.038755
ChrZ	16800001	17000000	ChrZ	16565192	16822666	superscaffold26	16565192	16822666	0.000549	109.836845
ChrZ	17000001	17200000	ChrZ	17157554	17359649	superscaffold26	17157554	17359649	0.000368	73.652614
ChrZ	17200001	17400000	ChrZ	17308204	17567890	superscaffold26	17308204	17567890	0.000491	98.297379
ChrZ	17400001	17600000	ChrZ	17518455	17779265	superscaffold26	17518455	17779265	0.000307	61.481207
ChrZ	17600001	17800000	ChrZ	17728328	17944757	superscaffold26	17728328	17944757	0.000288	57.636337
ChrZ	17800001	18000000	ChrZ	17728328	17944757	superscaffold26	17728328	17944757	0.000371	74.287985
ChrZ	18000001	18200000	ChrZ	18084704	18336181	superscaffold26	18084704	18336181	0.000394	78.767434
ChrZ	18200001	18400000	ChrZ	18279811	18578979	superscaffold26	18279811	18578979	0.000315	63.018743
ChrZ	18400001	18600000	ChrZ	18510094	18811417	superscaffold26	18510094	18811417	0.000203	40.613781
ChrZ	18600001	18800000	ChrZ	18750019	19029766	superscaffold26	18750019	19029766	0.000219	43.830396
ChrZ	18800001	19000000	ChrZ	18750019	19029766	superscaffold26	18750019	19029766	0.000194	38.727361
ChrZ	19000001	19200000	ChrZ	18750019	19029766	superscaffold26	18750019	19029766	0.000148	29.523128
ChrZ	19200001	19400000	ChrZ	19194662	19474193	superscaffold26	19194662	19474193	0.000205	40.919093
ChrZ	19400001	19600000	ChrZ	19416232	19754052	superscaffold26	19416232	19754052	0.000226	45.127677
ChrZ	19600001	19800000	ChrZ	19684409	19964607	superscaffold26	19684409	19964607	0.000251	50.211252
ChrZ	19800001	20000000	ChrZ	19917993	20120516	superscaffold26	19917993	20120516	0.000355	70.971305
ChrZ	20000001	20200000	ChrZ	19917993	20120516	superscaffold26	19917993	20120516	0.000413	82.505525
ChrZ	20200001	20400000	ChrZ	20246119	20475169	superscaffold26	20246119	20475169	0.000324	64.731726
ChrZ	20400001	20600000	ChrZ	20431444	20679264	superscaffold26	20431444	20679264	0.0003	59.97613
ChrZ	20600001	20800000	ChrZ	20619747	20891229	superscaffold26	20619747	20891229	0.000296	59.104439
ChrZ	20800001	21000000	ChrZ	20841904	21097900	superscaffold26	20841904	21097900	0.000292	58.422679
ChrZ	21000001	21200000	ChrZ	20841904	21097900	superscaffold26	20841904	21097900	0.000279	55.837026
ChrZ	21200001	21400000	ChrZ	21213000	21482294	superscaffold26	21213000	21482294	0.000274	54.800596
ChrZ	21400001	21600000	ChrZ	21436443	21679975	superscaffold26	21436443	21679975	0.000291	58.166416
ChrZ	21600001	21800000	ChrZ	21637496	21874374	superscaffold26	21637496	21874374	0.000269	53.769743
ChrZ	21800001	22000000	ChrZ	21823212	22079053	superscaffold26	21823212	22079053	0.000263	52.677598
ChrZ	22000001	22200000	ChrZ	21823212	22079053	superscaffold26	21823212	22079053	0.000203	40.535147
ChrZ	22200001	22400000	ChrZ	22268908	22517745	superscaffold26	22268908	22517745	0.000168	33.592929
ChrZ	22400001	22600000	ChrZ	22467874	22741482	superscaffold26	22467874	22741482	0.000167	33.339551
ChrZ	22600001	22800000	ChrZ	22692128	22935382	superscaffold26	22692128	22935382	0.000248	49.684544
ChrZ	22800001	23000000	ChrZ	22887583	23107491	superscaffold26	22887583	23107491	0.000358	71.655767
ChrZ	23000001	23200000	ChrZ	23067035	23259107	superscaffold26	23067035	23259107	0.000387	77.462019
ChrZ	23200001	23400000	ChrZ	23067035	23259107	superscaffold26	23067035	23259107	0.000455	91.018354
ChrZ	23400001	23600000	ChrZ	23525910	23745593	superscaffold26	23525910	23745593	0.000336	67.193896
ChrZ	23600001	23800000	ChrZ	23703676	23932016	superscaffold26	23703676	23932016	0.000444	88.704987
ChrZ	23800001	24000000	ChrZ	23867264	24141339	superscaffold26	23867264	24141339	0.000365	73.018382
ChrZ	24000001	24200000	ChrZ	24101950	24356708	superscaffold26	24101950	24356708	0.000329	65.87609
ChrZ	24200001	24400000	ChrZ	24101950	24356708	superscaffold26	24101950	24356708	0.000325	65.006975
ChrZ	24400001	24600000	ChrZ	24525281	24754795	superscaffold26	24525281	24754795	0.000331	66.269281
ChrZ	24600001	24800000	ChrZ	24716640	24945129	superscaffold26	24716640	24945129	0.000456	91.263836
ChrZ	24800001	25000000	ChrZ	24897864	25100499	superscaffold26	24897864	25100499	0.000374	74.746712
ChrZ	25000001	25200000	ChrZ	25100571	25309863	superscaffold26	25100571	25309863	0.000273	54.682419
ChrZ	25200001	25400000	ChrZ	25100571	25309863	superscaffold26	25100571	25309863	0.000269	53.760698
ChrZ	25400001	25600000	ChrZ	25453973	25662297	superscaffold54	16027547	16235869	0.000474	94.701632
ChrZ	25600001	25800000	ChrZ	25614242	25848366	superscaffold54	15841478	16075600	0.000527	105.400862
ChrZ	25800001	26000000	ChrZ	25958051	26145649	superscaffold54	15544195	15731791	0.000583	116.584991
ChrZ	26000001	26200000	ChrZ	26104104	26341313	superscaffold54	15348531	15585738	0.000513	102.598219
ChrZ	26200001	26400000	ChrZ	26104104	26341313	superscaffold54	15348531	15585738	0.000376	75.122373
ChrZ	26400001	26600000	ChrZ	26495724	26742414	superscaffold54	14947430	15194118	0.000345	68.914703
ChrZ	26600001	26800000	ChrZ	26693691	26914423	superscaffold54	14775421	14996151	0.000417	83.473804
ChrZ	26800001	27000000	ChrZ	26874290	27139131	superscaffold54	14550713	14815552	0.000385	77.031347
ChrZ	27000001	27200000	ChrZ	27084143	27332117	superscaffold54	14357727	14605699	0.000391	78.288658
ChrZ	27200001	27400000	ChrZ	27084143	27332117	superscaffold54	14357727	14605699	0.000519	103.834536
ChrZ	27400001	27600000	ChrZ	27590693	27761108	superscaffold54	13928736	14099149	0.000576	115.265999
ChrZ	27600001	27800000	ChrZ	27726177	27913340	superscaffold54	13776504	13963665	0.000793	158.501309
ChrZ	27800001	28000000	ChrZ	27875940	28075928	superscaffold54	13613916	13813902	0.000609	121.785214
ChrZ	28000001	28200000	ChrZ	28031507	28257632	superscaffold54	13432212	13658335	0.000495	99.066424
ChrZ	28200001	28400000	ChrZ	28205651	28461925	superscaffold54	13227919	13484191	0.000407	81.493371
ChrZ	28400001	28600000	ChrZ	28205651	28461925	superscaffold54	13227919	13484191	0.000423	84.520579
ChrZ	28600001	28800000	ChrZ	28794845	29043726	superscaffold54	12646118	12894997	0.00076	152.001026
ChrZ	28800001	29000000	ChrZ	28996932	29244015	superscaffold54	12445829	12692910	0.000697	139.342326
ChrZ	29000001	29200000	ChrZ	29176978	29426663	superscaffold54	12263181	12512864	0.000396	79.140342
ChrZ	29200001	29400000	ChrZ	29176978	29426663	superscaffold54	12263181	12512864	0.000369	73.847832
ChrZ	29400001	29600000	ChrZ	29176978	29426663	superscaffold54	12263181	12512864	0.000873	174.67948
ChrZ	29600001	29800000	ChrZ	29792839	29939834	superscaffold54	11750010	11897003	0.00154	308.0113
ChrZ	29800001	30000000	ChrZ	29914988	30076690	superscaffold54	11613154	11774854	0.001507	301.320943
ChrZ	30000001	30200000	ChrZ	30197304	30424597	superscaffold54	11265247	11492538	0.001168	233.676483
ChrZ	30200001	30400000	ChrZ	30372492	30645349	superscaffold54	11044495	11317350	0.000884	176.871459
ChrZ	30400001	30600000	ChrZ	30372492	30645349	superscaffold54	11044495	11317350	0.000543	108.57055
ChrZ	30600001	30800000	ChrZ	30372492	30645349	superscaffold54	11044495	11317350	0.00062	124.039869
ChrZ	30800001	31000000	ChrZ	30933107	31178917	superscaffold54	10510927	10756735	0.000652	130.481932
ChrZ	31000001	31200000	ChrZ	31118480	31509195	superscaffold54	10180649	10571362	0.000343	68.686706
ChrZ	31200001	31400000	ChrZ	31118480	31509195	superscaffold54	10180649	10571362	0.000226	45.172517
ChrZ	31400001	31600000	ChrZ	31118480	31509195	superscaffold54	10180649	10571362	0.00045	90.061584
ChrZ	31600001	31800000	ChrZ	31760389	31923164	superscaffold54	9766680	9929453	0.000863	172.662421
ChrZ	31800001	32000000	ChrZ	31888023	32042435	superscaffold54	9647409	9801819	0.000931	186.164158
ChrZ	32000001	32200000	ChrZ	32132010	32276446	superscaffold54	9413398	9557832	0.000792	158.431319
ChrZ	32200001	32400000	ChrZ	32371587	32550637	superscaffold54	9139207	9318255	0.000896	179.193102
ChrZ	32400001	32600000	ChrZ	32371587	32550637	superscaffold54	9139207	9318255	0.000596	119.137936
ChrZ	32600001	32800000	ChrZ	32737454	32875915	superscaffold54	8813929	8952388	0.000909	181.883771
ChrZ	32800001	33000000	ChrZ	32971775	33152585	superscaffold54	8537259	8718067	0.000814	162.885639
ChrZ	33000001	33200000	ChrZ	33127877	33297205	superscaffold54	8392639	8561965	0.00088	176.08556
ChrZ	33200001	33400000	ChrZ	33264327	33502672	superscaffold54	8187172	8425515	0.000843	168.597139
ChrZ	33400001	33600000	ChrZ	33446157	33733997	superscaffold54	7955847	8243685	0.00058	115.972312
ChrZ	33600001	33800000	ChrZ	33446157	33733997	superscaffold54	7955847	8243685	0.000515	103.064019
ChrZ	33800001	34000000	ChrZ	33908010	34206922	superscaffold54	7482922	7781832	0.000487	97.322165
ChrZ	34000001	34200000	ChrZ	34158144	34382483	superscaffold54	7307361	7531698	0.000501	100.186395
ChrZ	34200001	34400000	ChrZ	34332243	34575919	superscaffold54	7113925	7357599	0.00061	122.006785
ChrZ	34400001	34600000	ChrZ	34530891	34754191	superscaffold54	6935653	7158951	0.000541	108.265894
ChrZ	34600001	34800000	ChrZ	34530891	34754191	superscaffold54	6935653	7158951	0.000727	145.346702
ChrZ	34800001	35000000	ChrZ	34916012	35096505	superscaffold54	6593339	6773830	0.000702	140.473128
ChrZ	35000001	35200000	ChrZ	35056570	35296633	superscaffold54	6393211	6633272	0.000946	189.247041
ChrZ	35200001	35400000	ChrZ	35237825	35500726	superscaffold54	6189118	6452017	0.000781	156.268144
ChrZ	35400001	35600000	ChrZ	35453017	35729287	superscaffold54	5960557	6236825	0.000713	142.692125
ChrZ	35600001	35800000	ChrZ	35453017	35729287	superscaffold54	5960557	6236825	0.000908	181.679149
ChrZ	35800001	36000000	ChrZ	35856896	36084832	superscaffold54	5605012	5832946	0.00104	208.024477
ChrZ	36000001	36200000	ChrZ	36044566	36261949	superscaffold54	5427895	5645276	0.000807	161.420116
ChrZ	36200001	36400000	ChrZ	36389164	36526063	superscaffold54	5163781	5300678	0.000978	195.640247
ChrZ	36400001	36600000	ChrZ	36498498	36641425	superscaffold54	5048419	5191344	0.001524	304.706257
ChrZ	36600001	36800000	ChrZ	36604847	36832791	superscaffold54	4857053	5084995	0.000908	181.553759
ChrZ	36800001	37000000	ChrZ	36604847	36832791	superscaffold54	4857053	5084995	0.000992	198.474009
ChrZ	37000001	37200000	ChrZ	37186907	37315616	superscaffold54	4374228	4502935	0.001779	355.70492
ChrZ	37200001	37400000	ChrZ	37289512	37430152	superscaffold54	4259692	4400330	0.001366	273.29324
ChrZ	37400001	37600000	ChrZ	37527400	37696707	superscaffold54	3993137	4162442	0.001422	284.492214
ChrZ	37600001	37800000	ChrZ	37652646	37837050	superscaffold54	3852794	4037196	0.001081	216.130943
ChrZ	37800001	38000000	ChrZ	37652646	37837050	superscaffold54	3852794	4037196	0.000917	183.396148
ChrZ	38000001	38200000	ChrZ	38092288	38244872	superscaffold54	3444972	3597554	0.000947	189.410078
ChrZ	38200001	38400000	ChrZ	38320144	38434557	superscaffold54	3255287	3369698	0.001637	327.377654
ChrZ	38400001	38600000	ChrZ	38541879	38691020	superscaffold54	2998824	3147963	0.001304	260.837076
ChrZ	38600001	38800000	ChrZ	38764869	38887119	superscaffold54	2802725	2924973	0.001255	250.999823
ChrZ	38800001	39000000	ChrZ	38764869	38887119	superscaffold54	2802725	2924973	0.001379	275.715821
ChrZ	39000001	39200000	ChrZ	39102185	39258607	superscaffold54	2431237	2587657	0.001128	225.58694
ChrZ	39200001	39400000	ChrZ	39364547	39535330	superscaffold54	2154514	2325295	0.00083	166.006392
ChrZ	39400001	39600000	ChrZ	39509759	39676580	superscaffold54	2013264	2180083	0.00086	172.096107
ChrZ	39600001	39800000	ChrZ	39775379	39949361	superscaffold54	1740483	1914463	0.000804	160.752786
ChrZ	39800001	40000000	ChrZ	39775379	39949361	superscaffold54	1740483	1914463	0.000869	173.766804
ChrZ	40000001	40200000	ChrZ	40083160	40264284	superscaffold54	1425560	1606682	0.000758	151.510921
ChrZ	40200001	40400000	ChrZ	40371644	40613628	superscaffold54	1076216	1318198	0.000629	125.76212
ChrZ	40400001	40600000	ChrZ	40559781	40746938	superscaffold54	942906	1130061	0.00052	104.096815
ChrZ	40600001	40800000	ChrZ	40717422	40889019	superscaffold54	800825	972420	0.000789	157.857659
ChrZ	40800001	41000000	ChrZ	40851285	41029398	superscaffold54	660446	838557	0.001015	202.998157
ChrZ	41000001	41200000	ChrZ	40851285	41029398	superscaffold54	660446	838557	0.000781	156.235662
ChrZ	41200001	41400000	ChrZ	41287712	41465412	superscaffold54	224432	402130	0.000831	166.111633
ChrZ	41400001	41600000	ChrZ	41436043	41689687	superscaffold54	157	253799	0.000666	133.165238
ChrZ	41600001	41800000	ChrZ	41690707	41935689	superscaffold35	865	245847	0.00054	107.934056
ChrZ	41800001	42000000	ChrZ	41903210	42062235	superscaffold35	213368	372393	0.000652	130.43731
ChrZ	42000001	42200000	ChrZ	41903210	42062235	superscaffold35	213368	372393	0.00065	130.006467
ChrZ	42200001	42400000	ChrZ	42329838	42524657	superscaffold35	639996	834815	0.000827	165.465147
ChrZ	42400001	42600000	ChrZ	42491006	42674234	superscaffold35	801164	984392	0.000919	183.781787
ChrZ	42600001	42800000	ChrZ	42631814	42874439	superscaffold35	941972	1184597	0.00073	146.063098
ChrZ	42800001	43000000	ChrZ	42966459	43145737	superscaffold35	1276617	1455895	0.001228	245.561707
ChrZ	43000001	43200000	ChrZ	42966459	43145737	superscaffold35	1276617	1455895	0.000842	168.413753
ChrZ	43200001	43400000	ChrZ	43278813	43485322	superscaffold35	1588971	1795480	0.000621	124.279368
ChrZ	43400001	43600000	ChrZ	43594449	43759798	superscaffold35	1904607	2069956	0.000939	187.765695
ChrZ	43600001	43800000	ChrZ	43718835	43889911	superscaffold35	2028993	2200069	0.001234	246.897278
ChrZ	43800001	44000000	ChrZ	43988936	44140793	superscaffold35	2299094	2450951	0.001536	307.296858
ChrZ	44000001	44200000	ChrZ	43988936	44140793	superscaffold35	2299094	2450951	0.001648	329.544608
ChrZ	44200001	44400000	ChrZ	44381478	44528952	superscaffold35	2691636	2839110	0.001223	244.617551
ChrZ	44400001	44600000	ChrZ	44504960	44689082	superscaffold35	2815118	2999240	0.001837	367.429921
ChrZ	44600001	44800000	ChrZ	44780823	44934525	superscaffold35	3090981	3244683	0.001751	350.157471
ChrZ	44800001	45000000	ChrZ	44898751	45081083	superscaffold35	3208909	3391241	0.001222	244.328773
ChrZ	45000001	45200000	ChrZ	45052797	45211461	superscaffold35	3362955	3521619	0.00064	127.900187
ChrZ	45200001	45400000	ChrZ	45052797	45211461	superscaffold35	3362955	3521619	0.000683	136.501278
ChrZ	45400001	45600000	ChrZ	45517100	45700565	superscaffold35	3827258	4010723	0.000606	121.271808
ChrZ	45600001	45800000	ChrZ	45778756	45888409	superscaffold35	4088914	4198567	0.001005	201.038272
ChrZ	45800001	46000000	ChrZ	45965946	46144127	superscaffold35	4276104	4454285	0.001409	281.871854
ChrZ	46000001	46200000	ChrZ	46112214	46245790	superscaffold35	4422372	4555948	0.001117	223.352463
ChrZ	46200001	46400000	ChrZ	46112214	46245790	superscaffold35	4422372	4555948	0.001838	367.691706
ChrZ	46400001	46600000	ChrZ	46533219	46739376	superscaffold36	8970182	9176337	0.001066	213.102623
ChrZ	46600001	46800000	ChrZ	46692828	46881195	superscaffold36	8828363	9016728	0.000714	142.851306
ChrZ	46800001	47000000	ChrZ	46984332	47152440	superscaffold36	8557118	8725224	0.001306	261.258867
ChrZ	47000001	47200000	ChrZ	47114432	47313309	superscaffold36	8396249	8595124	0.001373	274.623536
ChrZ	47200001	47400000	ChrZ	47114432	47313309	superscaffold36	8396249	8595124	0.000813	162.534514
ChrZ	47400001	47600000	ChrZ	47533510	47671141	superscaffold36	8038417	8176046	0.001124	224.868016
ChrZ	47600001	47800000	ChrZ	47640277	47847942	superscaffold36	7861616	8069279	0.000814	162.756481
ChrZ	47800001	48000000	ChrZ	47928382	48062408	superscaffold36	7647150	7781174	0.001282	256.310602
ChrZ	48000001	48200000	ChrZ	48156670	48286273	superscaffold36	7423285	7552886	0.001092	218.421493
ChrZ	48200001	48400000	ChrZ	48156670	48286273	superscaffold36	7423285	7552886	0.001621	324.136929
ChrZ	48400001	48600000	ChrZ	48533726	48676072	superscaffold36	7033486	7175830	0.001255	251.02655
ChrZ	48600001	48800000	ChrZ	48771389	48924269	superscaffold36	6785289	6938167	0.000696	139.256651
ChrZ	48800001	49000000	ChrZ	48898845	49082631	superscaffold36	6626927	6810711	0.00068	136.006222
ChrZ	49000001	49200000	ChrZ	49041907	49246635	superscaffold36	6462923	6667649	0.000727	145.415613
ChrZ	49200001	49400000	ChrZ	49206876	49410082	superscaffold36	6299476	6502680	0.000719	143.766009
ChrZ	49400001	49600000	ChrZ	49206876	49410082	superscaffold36	6299476	6502680	0.001189	237.824595
ChrZ	49600001	49800000	ChrZ	49772514	49915006	superscaffold36	5794552	5937042	0.001137	227.312232
ChrZ	49800001	50000000	ChrZ	49997322	50151906	superscaffold36	5557652	5712234	0.000944	188.771071
ChrZ	50000001	50200000	ChrZ	50124641	50273334	superscaffold36	5436224	5584915	0.000768	153.612285
ChrZ	50200001	50400000	ChrZ	50229988	50410635	superscaffold36	5298923	5479568	0.00072	144.082777
ChrZ	50400001	50600000	ChrZ	50229988	50410635	superscaffold36	5298923	5479568	0.00096	191.969066
ChrZ	50600001	50800000	ChrZ	50789141	51008553	superscaffold36	4701005	4920415	0.00112	223.947887
ChrZ	50800001	51000000	ChrZ	50969723	51166019	superscaffold36	4543539	4739833	0.000777	155.428591
ChrZ	51000001	51200000	ChrZ	51121690	51308148	superscaffold36	4401410	4587866	0.000825	165.056858
ChrZ	51200001	51400000	ChrZ	51277682	51458832	superscaffold36	4250726	4431874	0.000788	157.538739
ChrZ	51400001	51600000	ChrZ	51277682	51458832	superscaffold36	4250726	4431874	0.001231	246.252943
ChrZ	51600001	51800000	ChrZ	51791602	51986863	superscaffold36	3722695	3917954	0.001212	242.389743
ChrZ	51800001	52000000	ChrZ	51947436	52184764	superscaffold36	3524794	3762120	0.000735	146.985716
ChrZ	52000001	52200000	ChrZ	52193581	52311020	superscaffold36	3398538	3515975	0.000612	122.448684
ChrZ	52200001	52400000	ChrZ	52311403	52552701	superscaffold36	3156857	3398153	0.000243	48.613759
ChrZ	52400001	52600000	ChrZ	52311403	52552701	superscaffold36	3156857	3398153	0.000252	50.350201
ChrZ	52600001	52800000	ChrZ	52738606	53068204	superscaffold36	2641354	2970950	0.000269	53.727481
ChrZ	52800001	53000000	ChrZ	52967804	53258000	superscaffold36	2451558	2741752	0.000228	45.689341
ChrZ	53000001	53200000	ChrZ	52967804	53258000	superscaffold36	2451558	2741752	0.000207	41.366875
ChrZ	53200001	53400000	ChrZ	53395248	53608489	superscaffold36	2101069	2314308	0.000258	51.686781
ChrZ	53400001	53600000	ChrZ	53395248	53608489	superscaffold36	2101069	2314308	0.000273	54.595505
ChrZ	53600001	53800000	ChrZ	53395248	53608489	superscaffold36	2101069	2314308	0.00024	47.949581
ChrZ	53800001	54000000	ChrZ	53870851	54759642	superscaffold36	949916	1838705	0.000153	30.525447
ChrZ	54000001	54200000	ChrZ	53870851	54759642	superscaffold36	949916	1838705	7.3e-05	14.696771
ChrZ	54200001	54400000	ChrZ	53870851	54759642	superscaffold36	949916	1838705	7.3e-05	14.696771
ChrZ	54400001	54600000	ChrZ	53870851	54759642	superscaffold36	949916	1838705	7.3e-05	14.696771
ChrZ	54600001	54800000	ChrZ	53870851	54759642	superscaffold36	949916	1838705	0.000108	21.675256
ChrZ	54800001	55000000	ChrZ	54920050	55318897	superscaffold36	390661	789506	0.000213	42.513191
ChrZ	55000001	55200000	ChrZ	54920050	55318897	superscaffold36	390661	789506	0.000312	62.435622
ChrZ	55200001	55400000	ChrZ	55275503	55512576	superscaffold36	196982	434053	0.000437	87.495656
ChrZ	55400001	55600000	ChrZ	55275503	55512576	superscaffold36	196982	434053	0.000557	111.428264
ChrZ	55600001	55800000	ChrZ	55711156	56074683	superscaffold62	1600	365127	0.000559	111.797805
ChrZ	55800001	56000000	ChrZ	55711156	56074683	superscaffold62	1600	365127	0.000559	111.797805
ChrZ	56000001	56200000	ChrZ	56026507	56460658	superscaffold62	316951	751102	0.000326	65.295679
ChrZ	56200001	56400000	ChrZ	56026507	56460658	superscaffold62	316951	751102	0.000226	45.27832
ChrZ	56400001	56600000	ChrZ	56421320	57059228	superscaffold62	711764	1349672	0.000236	47.14773
ChrZ	56600001	56800000	ChrZ	56421320	57059228	superscaffold62	711764	1349672	0.000228	45.578293
ChrZ	56800001	57000000	ChrZ	56421320	57059228	superscaffold62	711764	1349672	0.000226	45.159484
ChrZ	57000001	57200000	ChrZ	56421320	57059228	superscaffold62	711764	1349672	0.000219	43.735146
ChrZ	57200001	57400000	ChrZ	57214395	57985539	superscaffold62	1504839	2275983	0.000137	27.464974
ChrZ	57400001	57600000	ChrZ	57466954	58134774	superscaffold62	1757398	2425218	0.000124	24.740671
ChrZ	57600001	57800000	ChrZ	57466954	58134774	superscaffold62	1757398	2425218	0.00013	25.982966
ChrZ	57800001	58000000	ChrZ	57466954	58134774	superscaffold62	1757398	2425218	0.000131	26.214754
ChrZ	58000001	58200000	ChrZ	57466954	58134774	superscaffold62	1757398	2425218	0.000293	58.554622
ChrZ	58200001	58400000	ChrZ	58277157	58526951	superscaffold62	2567601	2817395	0.000421	84.149819
ChrZ	58400001	58600000	ChrZ	58526971	58626568	superscaffold62	2817415	2917012	0.000431	86.249563
ChrZ	58600001	58800000	ChrZ	58526971	58626568	superscaffold62	2817415	2917012	0.000526	105.27638
ChrZ	58800001	59000000	ChrZ	58883868	59113147	superscaffold67	257021	486300	0.000554	110.854186
ChrZ	59000001	59200000	ChrZ	59081412	59256818	superscaffold67	454565	629971	0.000597	119.49464
ChrZ	59200001	59400000	ChrZ	59213450	60644606	superscaffold67	586603	2017759	0.000193	38.596588
ChrZ	59400001	59600000	ChrZ	59213450	60644606	superscaffold67	586603	2017759	5.7e-05	11.446865
ChrZ	59600001	59800000	ChrZ	59213450	60644606	superscaffold67	586603	2017759	5.7e-05	11.446865
ChrZ	59800001	60000000	ChrZ	59213450	60644606	superscaffold67	586603	2017759	5.7e-05	11.446865
ChrZ	60000001	60200000	ChrZ	59213450	60644606	superscaffold67	586603	2017759	5.7e-05	11.446865
ChrZ	60200001	60400000	ChrZ	59213450	60644606	superscaffold67	586603	2017759	5.7e-05	11.446865
ChrZ	60400001	60600000	ChrZ	60598951	60832047	superscaffold67	1972104	2205200	5.9e-05	11.73936
ChrZ	60600001	60800000	ChrZ	60793403	61351869	superscaffold67	2166556	2725022	0.000282	56.427543
ChrZ	60800001	61000000	ChrZ	60793403	61351869	superscaffold67	2166556	2725022	0.000153	30.623315
ChrZ	61000001	61200000	ChrZ	60793403	61351869	superscaffold67	2166556	2725022	0.000124	24.713653
ChrZ	61200001	61400000	ChrZ	60793403	61351869	superscaffold67	2166556	2725022	0.000235	47.049974
ChrZ	61400001	61600000	ChrZ	61491727	61713281	superscaffold67	2864880	3086434	0.000625	124.927532
ChrZ	61600001	61800000	ChrZ	61669297	61865057	superscaffold67	3042450	3238210	0.000865	173.085019
ChrZ	61800001	62000000	ChrZ	61818943	62079769	superscaffold67	3192096	3452922	0.000779	155.793505
ChrZ	62000001	62200000	ChrZ	61818943	62079769	superscaffold67	3192096	3452922	0.000542	108.457525
ChrZ	62200001	62400000	ChrZ	62272320	62526950	superscaffold67	3645473	3900103	0.000473	94.599653
ChrZ	62400001	62600000	ChrZ	62478544	62714401	superscaffold67	3851697	4087554	0.000609	121.836285
ChrZ	62600001	62800000	ChrZ	62655155	62919224	superscaffold67	4028308	4292377	0.000606	121.11274
ChrZ	62800001	63000000	ChrZ	62874163	63126258	superscaffold67	4247316	4499411	0.00049	98.04573
ChrZ	63000001	63200000	ChrZ	62874163	63126258	superscaffold67	4247316	4499411	0.000531	106.120698
ChrZ	63200001	63400000	ChrZ	63301701	63564781	superscaffold67	4674854	4937934	0.00059	118.057486
ChrZ	63400001	63600000	ChrZ	63506185	63834519	superscaffold67	4879338	5207672	0.000511	102.104799
ChrZ	63600001	63800000	ChrZ	63506185	63834519	superscaffold67	4879338	5207672	0.000382	76.326432
ChrZ	63800001	64000000	ChrZ	63927610	64220038	superscaffold69-1	503	292931	0.000604	120.72972
ChrZ	64000001	64200000	ChrZ	63927610	64220038	superscaffold69-1	503	292931	0.000684	136.76183
ChrZ	64200001	64400000	ChrZ	63927610	64220038	superscaffold69-1	503	292931	0.000778	155.635849
ChrZ	64400001	64600000	ChrZ	64546469	64756200	superscaffold69-1	619362	829093	0.000928	185.593619
ChrZ	64600001	64800000	ChrZ	64722303	64945805	superscaffold69-1	795196	1018698	0.000685	137.07569
ChrZ	64800001	65000000	ChrZ	64873204	65159534	superscaffold69-1	946097	1232427	0.000654	130.833425
ChrZ	65000001	65200000	ChrZ	64873204	65159534	superscaffold69-1	946097	1232427	0.000525	104.919593
ChrZ	65200001	65400000	ChrZ	65315079	65564144	superscaffold69-1	1387972	1637037	0.000642	128.451322
ChrZ	65400001	65600000	ChrZ	65520633	65736157	superscaffold69-1	1593526	1809050	0.000616	123.251989
ChrZ	65600001	65800000	ChrZ	65692419	65922581	superscaffold69-1	1765312	1995474	0.000761	152.152743
ChrZ	65800001	66000000	ChrZ	65873523	66187409	superscaffold69-1	1946416	2260302	0.00093	186.08764
ChrZ	66000001	66200000	ChrZ	65873523	66187409	superscaffold69-1	1946416	2260302	0.000827	165.322812
ChrZ	66200001	66400000	ChrZ	66397900	66666331	superscaffold69-1	2470793	2739224	0.000519	103.717995
ChrZ	66400001	66600000	ChrZ	66397900	66666331	superscaffold69-1	2470793	2739224	0.000765	152.988409
ChrZ	66600001	66800000	ChrZ	66792170	67130824	superscaffold69-1	2865063	3203717	0.000882	176.437283
ChrZ	66800001	67000000	ChrZ	66792170	67130824	superscaffold69-1	2865063	3203717	0.000581	116.126145
ChrZ	67000001	67200000	ChrZ	67061660	67323101	superscaffold69-1	3134553	3395994	0.000677	135.456035
ChrZ	67200001	67400000	ChrZ	67061660	67323101	superscaffold69-1	3134553	3395994	0.00078	156.090185
ChrZ	67400001	67600000	ChrZ	67496130	67698754	superscaffold69-1	3569023	3771647	0.00123	246.015379
ChrZ	67600001	67800000	ChrZ	67667281	67860947	superscaffold69-1	3740174	3933840	0.002333	466.688366
ChrZ	67800001	68000000	ChrZ	67813064	68069954	superscaffold69-1	3885957	4142847	0.001498	299.601018
ChrZ	68000001	68200000	ChrZ	68030635	68189712	superscaffold69-1	4103528	4262605	0.001408	281.612549
ChrZ	68200001	68400000	ChrZ	68321671	68550254	superscaffold69-1	4394564	4623147	0.000815	162.988988
ChrZ	68400001	68600000	ChrZ	68514590	68738194	superscaffold69-1	4587483	4811087	0.000936	187.130666
ChrZ	68600001	68800000	ChrZ	68691173	68924250	superscaffold69-1	4764066	4997143	0.001203	240.671188
ChrZ	68800001	69000000	ChrZ	68886558	69067214	superscaffold69-1	4959451	5140107	0.001266	253.147406
ChrZ	69000001	69200000	ChrZ	69040462	69249191	superscaffold69-1	5113355	5322084	0.001042	208.444928
ChrZ	69200001	69400000	ChrZ	69200024	69425261	superscaffold69-1	5272917	5498154	0.00043	86.044571
ChrZ	69400001	69600000	ChrZ	69200024	69425261	superscaffold69-1	5272917	5498154	0.000422	84.471035
ChrZ	69600001	69800000	ChrZ	69779842	69905499	superscaffold69-1	5852735	5978392	0.000346	69.109906
ChrZ	69800001	70000000	ChrZ	69910426	70144451	superscaffold93	4801	238826	0.000387	77.30132
ChrZ	70000001	70200000	ChrZ	70094767	70478745	superscaffold93	189142	573120	0.000236	47.294531
ChrZ	70200001	70400000	ChrZ	70094767	70478745	superscaffold93	189142	573120	0.000134	26.761639
ChrZ	70400001	70600000	ChrZ	70094767	70478745	superscaffold93	189142	573120	0.000239	47.824601
ChrZ	70600001	70800000	ChrZ	70711954	70899232	superscaffold93	806329	993607	0.00028	55.912938
ChrZ	70800001	71000000	ChrZ	70853932	71046205	superscaffold93	948307	1140580	0.000249	49.793533
ChrZ	71000001	71200000	ChrZ	71151777	71352691	superscaffold93	1246152	1447066	0.000265	52.972717
ChrZ	71200001	71400000	ChrZ	71151777	71352691	superscaffold93	1246152	1447066	0.000138	27.666396
ChrZ	71400001	71600000	ChrZ	71457033	71665619	superscaffold93	1551408	1759994	9.2e-05	18.470238
ChrZ	71600001	71800000	ChrZ	71779777	72000874	superscaffold93	1874152	2095249	0.000143	28.614245
ChrZ	71800001	72000000	ChrZ	71963188	72228731	superscaffold93	2057563	2323106	0.0002	39.912306
ChrZ	72000001	72200000	ChrZ	72165402	72500254	superscaffold93	2259777	2594629	0.000194	38.8319
ChrZ	72200001	72400000	ChrZ	72165402	72500254	superscaffold93	2259777	2594629	0.000191	38.248529
ChrZ	72400001	72600000	ChrZ	72165402	72500254	superscaffold93	2259777	2594629	0.000154	30.711924
ChrZ	72600001	72800000	ChrZ	72640502	72907829	superscaffold93	2734877	3002204	0.000187	37.358066
ChrZ	72800001	73000000	ChrZ	72856264	73072872	superscaffold93	2950639	3167247	0.000412	82.314474
ChrZ	73000001	73200000	ChrZ	73197015	73376017	superscaffold93	3291390	3470392	0.000665	132.963389
ChrZ	73200001	73400000	ChrZ	73347248	73524353	superscaffold93	3441623	3618728	0.001116	223.225783
ChrZ	73400001	73600000	ChrZ	73347248	73524353	superscaffold93	3441623	3618728	0.001222	244.425249
ChrZ	73600001	73800000	ChrZ	73794944	74008726	superscaffold93	3889319	4103101	0.001285	256.91923
ChrZ	73800001	74000000	ChrZ	73961471	74156911	superscaffold93	4055846	4251286	0.000645	129.031588
ChrZ	74000001	74200000	ChrZ	74125108	74326048	superscaffold93	4219483	4420423	0.001261	252.200485
ChrZ	74200001	74400000	ChrZ	74277454	74483122	superscaffold93	4371829	4577497	0.001492	298.317189
ChrZ	74400001	74600000	ChrZ	74441448	74650107	superscaffold93	4535823	4744482	0.001346	269.176622
ChrZ	74600001	74800000	ChrZ	74441448	74650107	superscaffold93	4535823	4744482	0.001484	296.702353
ChrZ	74800001	75000000	ChrZ	74894014	75082735	superscaffold63	4798	193519	0.000738	147.51551
ChrZ	75000001	75200000	ChrZ	75037115	75263262	superscaffold63	147899	374046	0.001138	227.56935
ChrZ	75200001	75400000	ChrZ	75398631	75674294	superscaffold63	509415	785078	0.000896	179.174008
ChrZ	75400001	75600000	ChrZ	75398631	75674294	superscaffold63	509415	785078	0.000323	64.650535
ChrZ	75600001	75800000	ChrZ	75398631	75674294	superscaffold63	509415	785078	0.000453	90.653171
ChrZ	75800001	76000000	ChrZ	75937515	76100821	superscaffold63	1048299	1211605	0.000877	175.498377
ChrZ	76000001	76200000	ChrZ	76066771	76252606	superscaffold63	1177555	1363390	0.000952	190.424102
ChrZ	76200001	76400000	ChrZ	76345834	76498799	superscaffold63	1456618	1609583	0.001253	250.60195
ChrZ	76400001	76600000	ChrZ	76499142	76581751	superscaffold63	1609926	1692535	0.000734	146.87446
ChrZ	76600001	76800000	ChrZ	76582787	76909406	superscaffold88	646	327265	0.000266	53.250028
ChrZ	76800001	77000000	ChrZ	76909805	77206091	superscaffold88	327664	623950	0.000215	43.062099
ChrZ	77000001	77200000	ChrZ	76909805	77206091	superscaffold88	327664	623950	0.000154	30.704314
ChrZ	77200001	77400000	ChrZ	77389910	77635559	superscaffold83	183655	429304	0.000252	50.450617
ChrZ	77400001	77600000	ChrZ	77574467	77891303	superscaffold83	368212	685048	0.000179	35.711461
ChrZ	77600001	77800000	ChrZ	77574467	77891303	superscaffold83	368212	685048	0.000192	38.321256
ChrZ	77800001	78000000	ChrZ	77574467	77891303	superscaffold83	368212	685048	0.000315	62.965954
ChrZ	78000001	78200000	ChrZ	78006334	78290158	superscaffold92	17573	301397	0.000227	45.435663
ChrZ	78200001	78400000	ChrZ	78247223	78538061	superscaffold92	258462	549300	0.000168	33.575351
ChrZ	78400001	78600000	ChrZ	78490905	78761976	superscaffold92	502144	773215	0.000218	43.698886
ChrZ	78600001	78800000	ChrZ	78490905	78761976	superscaffold92	502144	773215	0.00027	53.936008
ChrZ	78800001	79000000	ChrZ	78971941	79134451	superscaffold92	983180	1145690	0.000212	42.309977
ChrZ	79000001	79200000	ChrZ	79110454	79282009	superscaffold92	1121693	1293248	0.000447	89.414043
ChrZ	79200001	79400000	ChrZ	79236697	79571369	superscaffold92	1247936	1582608	0.000331	66.204757
ChrZ	79400001	79600000	ChrZ	79537466	79713378	superscaffold92	1548705	1724617	0.000339	67.891722
ChrZ	79600001	79800000	ChrZ	79675311	79836398	superscaffold92	1686550	1847637	0.000655	130.933899
ChrZ	79800001	80000000	ChrZ	79675311	79836398	superscaffold92	1686550	1847637	0.000618	123.692468
ChrZ	80000001	80200000	ChrZ	80146839	80295281	superscaffold92	2158078	2306520	0.000802	160.316011
ChrZ	80200001	80400000	ChrZ	80397074	80583687	superscaffold92	2408313	2594926	0.001956	391.153968
ChrZ	80400001	80600000	ChrZ	80559828	80705818	superscaffold92	2571067	2717057	0.001364	272.727423
ChrZ	80600001	80800000	ChrZ	80705835	80816980	superscaffold92	2717074	2828219	0.001015	202.963116
ChrZ	80800001	81000000	ChrZ	80705835	80816980	superscaffold92	2717074	2828219	0.000549	109.782473
