window	Window_start	Window_end	chr	chr_start	chr_end	scaffold	scaf_start	scaf_end	rho_per_bp	rho_per_window
ChrZ	52192885	52392884	ChrZ	52311403	52552701	superscaffold36	3156857	3398153	0.000244	48.755777
ChrZ	52392885	52592884	ChrZ	52311403	52552701	superscaffold36	3156857	3398153	0.00025	50.086073
ChrZ	52592885	52792884	ChrZ	52738606	53068204	superscaffold36	2641354	2970950	0.00027	53.992974
ChrZ	52792885	52992884	ChrZ	52967804	53258000	superscaffold36	2451558	2741752	0.000229	45.883246
ChrZ	52992885	53192884	ChrZ	52967804	53258000	superscaffold36	2451558	2741752	0.000208	41.504115
ChrZ	53192885	53392884	ChrZ	53216400	53434339	superscaffold36	2275219	2493156	0.000256	51.140091
ChrZ	53392885	53592884	ChrZ	53395248	53608489	superscaffold36	2101069	2314308	0.000274	54.791953
ChrZ	53592885	53792884	ChrZ	53395248	53608489	superscaffold36	2101069	2314308	0.000241	48.206523
ChrZ	53792885	53992884	ChrZ	53870851	54759642	superscaffold36	949916	1838705	0.000157	31.467297
ChrZ	53992885	54192884	ChrZ	53870851	54759642	superscaffold36	949916	1838705	7.3e-05	14.696771
ChrZ	54192885	54392884	ChrZ	53870851	54759642	superscaffold36	949916	1838705	7.3e-05	14.696771
ChrZ	54392885	54592884	ChrZ	53870851	54759642	superscaffold36	949916	1838705	7.3e-05	14.696771
ChrZ	54592885	54792884	ChrZ	53870851	54759642	superscaffold36	949916	1838705	0.000106	21.151572
ChrZ	54792885	54992884	ChrZ	54920050	55318897	superscaffold36	390661	789506	0.000209	41.70417
ChrZ	54992885	55192884	ChrZ	54920050	55318897	superscaffold36	390661	789506	0.000312	62.435622
ChrZ	55192885	55392884	ChrZ	55275503	55512576	superscaffold36	196982	434053	0.00043	86.063275
ChrZ	55392885	55592884	ChrZ	55275503	55512576	superscaffold36	196982	434053	0.000557	111.428264
ChrZ	55592885	55792884	ChrZ	55711156	56074683	superscaffold62	1600	365127	0.000559	111.797805
ChrZ	55792885	55992884	ChrZ	55711156	56074683	superscaffold62	1600	365127	0.000559	111.797805
ChrZ	55992885	56192884	ChrZ	56026507	56460658	superscaffold62	316951	751102	0.000336	67.203013
ChrZ	56192885	56392884	ChrZ	56026507	56460658	superscaffold62	316951	751102	0.000226	45.27832
ChrZ	56392885	56592884	ChrZ	56421320	57059228	superscaffold62	711764	1349672	0.000235	47.07328
ChrZ	56592885	56792884	ChrZ	56421320	57059228	superscaffold62	711764	1349672	0.000228	45.642367
ChrZ	56792885	56992884	ChrZ	56421320	57059228	superscaffold62	711764	1349672	0.000226	45.159484
ChrZ	56992885	57192884	ChrZ	56421320	57059228	superscaffold62	711764	1349672	0.000219	43.843278
ChrZ	57192885	57392884	ChrZ	57214395	57985539	superscaffold62	1504839	2275983	0.00014	28.042813
ChrZ	57392885	57592884	ChrZ	57466954	58134774	superscaffold62	1757398	2425218	0.000123	24.57863
ChrZ	57592885	57792884	ChrZ	57466954	58134774	superscaffold62	1757398	2425218	0.00013	25.982966
ChrZ	57792885	57992884	ChrZ	57466954	58134774	superscaffold62	1757398	2425218	0.00013	26.098562
ChrZ	57992885	58192884	ChrZ	57466954	58134774	superscaffold62	1757398	2425218	0.000284	56.743866
ChrZ	58192885	58392884	ChrZ	58277157	58526951	superscaffold62	2567601	2817395	0.000423	84.65376
ChrZ	58392885	58592884	ChrZ	58526971	58626568	superscaffold62	2817415	2917012	0.000426	85.183042
ChrZ	58592885	58792884	ChrZ	58526971	58626568	superscaffold62	2817415	2917012	0.000526	105.27638
ChrZ	58792885	58992884	ChrZ	58883868	59113147	superscaffold67	257021	486300	0.000554	110.854186
ChrZ	58992885	59192884	ChrZ	59081412	59256818	superscaffold67	454565	629971	0.000595	118.97616
ChrZ	59192885	59392884	ChrZ	59213450	60644606	superscaffold67	586603	2017759	0.00021	41.996933
ChrZ	59392885	59592884	ChrZ	59213450	60644606	superscaffold67	586603	2017759	5.7e-05	11.446865
ChrZ	59592885	59792884	ChrZ	59213450	60644606	superscaffold67	586603	2017759	5.7e-05	11.446865
ChrZ	59792885	59992884	ChrZ	59213450	60644606	superscaffold67	586603	2017759	5.7e-05	11.446865
ChrZ	59992885	60192884	ChrZ	59213450	60644606	superscaffold67	586603	2017759	5.7e-05	11.446865
ChrZ	60192885	60392884	ChrZ	59213450	60644606	superscaffold67	586603	2017759	5.7e-05	11.446865
ChrZ	60392885	60592884	ChrZ	59213450	60644606	superscaffold67	586603	2017759	5.7e-05	11.446865
ChrZ	60592885	60792884	ChrZ	60598951	60832047	superscaffold67	1972104	2205200	0.000279	55.702683
ChrZ	60792885	60992884	ChrZ	60793403	61351869	superscaffold67	2166556	2725022	0.000159	31.735917
ChrZ	60992885	61192884	ChrZ	60793403	61351869	superscaffold67	2166556	2725022	0.000124	24.713653
ChrZ	61192885	61392884	ChrZ	60793403	61351869	superscaffold67	2166556	2725022	0.000227	45.344882
ChrZ	61392885	61592884	ChrZ	61491727	61713281	superscaffold67	2864880	3086434	0.000611	122.200833
ChrZ	61592885	61792884	ChrZ	61669297	61865057	superscaffold67	3042450	3238210	0.000867	173.438397
ChrZ	61792885	61992884	ChrZ	61818943	62079769	superscaffold67	3192096	3452922	0.000781	156.252011
ChrZ	61992885	62192884	ChrZ	61818943	62079769	superscaffold67	3192096	3452922	0.000551	110.244892
ChrZ	62192885	62392884	ChrZ	62272320	62526950	superscaffold67	3645473	3900103	0.000471	94.255338
ChrZ	62392885	62592884	ChrZ	62478544	62714401	superscaffold67	3851697	4087554	0.000603	120.602847
ChrZ	62592885	62792884	ChrZ	62655155	62919224	superscaffold67	4028308	4292377	0.000611	122.229329
ChrZ	62792885	62992884	ChrZ	62874163	63126258	superscaffold67	4247316	4499411	0.000492	98.335049
ChrZ	62992885	63192884	ChrZ	62874163	63126258	superscaffold67	4247316	4499411	0.000527	105.403185
ChrZ	63192885	63392884	ChrZ	63301701	63564781	superscaffold67	4674854	4937934	0.000591	118.114952
ChrZ	63392885	63592884	ChrZ	63506185	63834519	superscaffold67	4879338	5207672	0.000516	103.218034
ChrZ	63592885	63792884	ChrZ	63506185	63834519	superscaffold67	4879338	5207672	0.000382	76.326432
ChrZ	63792885	63992884	ChrZ	63927610	64220038	superscaffold69-1	503	292931	0.000593	118.628899
ChrZ	63992885	64192884	ChrZ	63927610	64220038	superscaffold69-1	503	292931	0.000682	136.428582
ChrZ	64192885	64392884	ChrZ	63927610	64220038	superscaffold69-1	503	292931	0.000769	153.763703
ChrZ	64392885	64592884	ChrZ	64546469	64756200	superscaffold69-1	619362	829093	0.000934	186.701002
ChrZ	64592885	64792884	ChrZ	64722303	64945805	superscaffold69-1	795196	1018698	0.000681	136.109148
ChrZ	64792885	64992884	ChrZ	64873204	65159534	superscaffold69-1	946097	1232427	0.000664	132.866926
ChrZ	64992885	65192884	ChrZ	64873204	65159534	superscaffold69-1	946097	1232427	0.000518	103.667599
ChrZ	65192885	65392884	ChrZ	65315079	65564144	superscaffold69-1	1387972	1637037	0.000644	128.83147
ChrZ	65392885	65592884	ChrZ	65520633	65736157	superscaffold69-1	1593526	1809050	0.000614	122.857311
ChrZ	65592885	65792884	ChrZ	65692419	65922581	superscaffold69-1	1765312	1995474	0.000754	150.843272
ChrZ	65792885	65992884	ChrZ	65873523	66187409	superscaffold69-1	1946416	2260302	0.000928	185.588035
ChrZ	65992885	66192884	ChrZ	65873523	66187409	superscaffold69-1	1946416	2260302	0.000838	167.687379
ChrZ	66192885	66392884	ChrZ	66111610	66457750	superscaffold69-1	2184503	2530643	0.000515	103.049245
ChrZ	66392885	66592884	ChrZ	66397900	66666331	superscaffold69-1	2470793	2739224	0.000757	151.342522
ChrZ	66592885	66792884	ChrZ	66792170	67130824	superscaffold69-1	2865063	3203717	0.00089	178.059719
ChrZ	66792885	66992884	ChrZ	66792170	67130824	superscaffold69-1	2865063	3203717	0.00059	118.016046
ChrZ	66992885	67192884	ChrZ	67061660	67323101	superscaffold69-1	3134553	3395994	0.000669	133.72772
ChrZ	67192885	67392884	ChrZ	67061660	67323101	superscaffold69-1	3134553	3395994	0.000784	156.72875
ChrZ	67392885	67592884	ChrZ	67496130	67698754	superscaffold69-1	3569023	3771647	0.001195	239.097934
ChrZ	67592885	67792884	ChrZ	67667281	67860947	superscaffold69-1	3740174	3933840	0.002311	462.294458
ChrZ	67792885	67992884	ChrZ	67813064	68069954	superscaffold69-1	3885957	4142847	0.001541	308.282626
ChrZ	67992885	68192884	ChrZ	68030635	68189712	superscaffold69-1	4103528	4262605	0.001416	283.230266
ChrZ	68192885	68392884	ChrZ	68321671	68550254	superscaffold69-1	4394564	4623147	0.000815	163.085936
ChrZ	68392885	68592884	ChrZ	68514590	68738194	superscaffold69-1	4587483	4811087	0.000925	184.921168
ChrZ	68592885	68792884	ChrZ	68691173	68924250	superscaffold69-1	4764066	4997143	0.001201	240.220834
ChrZ	68792885	68992884	ChrZ	68886558	69067214	superscaffold69-1	4959451	5140107	0.001265	252.913409
ChrZ	68992885	69192884	ChrZ	69040462	69249191	superscaffold69-1	5113355	5322084	0.001053	210.621067
ChrZ	69192885	69392884	ChrZ	69200024	69425261	superscaffold69-1	5272917	5498154	0.000447	89.392369
ChrZ	69392885	69592884	ChrZ	69200024	69425261	superscaffold69-1	5272917	5498154	0.000422	84.308298
ChrZ	69592885	69792884	ChrZ	69779842	69905499	superscaffold69-1	5852735	5978392	0.000345	69.018547
ChrZ	69792885	69992884	ChrZ	69910426	70144451	superscaffold93	4801	238826	0.000392	78.316358
ChrZ	69992885	70192884	ChrZ	70094767	70478745	superscaffold93	189142	573120	0.000242	48.306037
ChrZ	70192885	70392884	ChrZ	70094767	70478745	superscaffold93	189142	573120	0.000134	26.761639
ChrZ	70392885	70592884	ChrZ	70094767	70478745	superscaffold93	189142	573120	0.000234	46.892295
ChrZ	70592885	70792884	ChrZ	70711954	70899232	superscaffold93	806329	993607	0.000278	55.596041
ChrZ	70792885	70992884	ChrZ	70853932	71046205	superscaffold93	948307	1140580	0.000253	50.515515
ChrZ	70992885	71192884	ChrZ	71151777	71352691	superscaffold93	1246152	1447066	0.000266	53.149379
ChrZ	71192885	71392884	ChrZ	71151777	71352691	superscaffold93	1246152	1447066	0.000141	28.135698
ChrZ	71392885	71592884	ChrZ	71457033	71665619	superscaffold93	1551408	1759994	9.2e-05	18.426746
ChrZ	71592885	71792884	ChrZ	71779777	72000874	superscaffold93	1874152	2095249	0.00014	27.926662
ChrZ	71792885	71992884	ChrZ	71963188	72228731	superscaffold93	2057563	2323106	0.000198	39.695804
ChrZ	71992885	72192884	ChrZ	72165402	72500254	superscaffold93	2259777	2594629	0.000195	38.940117
ChrZ	72192885	72392884	ChrZ	72165402	72500254	superscaffold93	2259777	2594629	0.000191	38.26931
ChrZ	72392885	72592884	ChrZ	72165402	72500254	superscaffold93	2259777	2594629	0.000155	31.010422
ChrZ	72592885	72792884	ChrZ	72640502	72907829	superscaffold93	2734877	3002204	0.000184	36.873926
ChrZ	72792885	72992884	ChrZ	72856264	73072872	superscaffold93	2950639	3167247	0.000402	80.40447
ChrZ	72992885	73192884	ChrZ	73025811	73246784	superscaffold93	3120186	3341159	0.000654	130.877709
ChrZ	73192885	73392884	ChrZ	73347248	73524353	superscaffold93	3441623	3618728	0.001102	220.493177
ChrZ	73392885	73592884	ChrZ	73347248	73524353	superscaffold93	3441623	3618728	0.001225	244.934247
ChrZ	73592885	73792884	ChrZ	73653312	73820419	superscaffold93	3747687	3914794	0.001296	259.244511
ChrZ	73792885	73992884	ChrZ	73961471	74156911	superscaffold93	4055846	4251286	0.000652	130.436455
ChrZ	73992885	74192884	ChrZ	74125108	74326048	superscaffold93	4219483	4420423	0.001228	245.558872
ChrZ	74192885	74392884	ChrZ	74277454	74483122	superscaffold93	4371829	4577497	0.001494	298.84287
ChrZ	74392885	74592884	ChrZ	74441448	74650107	superscaffold93	4535823	4744482	0.00135	270.066575
ChrZ	74592885	74792884	ChrZ	74441448	74650107	superscaffold93	4535823	4744482	0.00151	302.086342
ChrZ	74792885	74992884	ChrZ	74894014	75082735	superscaffold63	4798	193519	0.000716	143.153775
ChrZ	74992885	75192884	ChrZ	75037115	75263262	superscaffold63	147899	374046	0.001132	226.456491
ChrZ	75192885	75392884	ChrZ	75217001	75455832	superscaffold63	327785	566616	0.000912	182.311669
ChrZ	75392885	75592884	ChrZ	75398631	75674294	superscaffold63	509415	785078	0.000339	67.850188
ChrZ	75592885	75792884	ChrZ	75398631	75674294	superscaffold63	509415	785078	0.000434	86.747481
ChrZ	75792885	75992884	ChrZ	75937515	76100821	superscaffold63	1048299	1211605	0.000861	172.126483
ChrZ	75992885	76192884	ChrZ	76066771	76252606	superscaffold63	1177555	1363390	0.000961	192.186831
ChrZ	76192885	76392884	ChrZ	76345834	76498799	superscaffold63	1456618	1609583	0.001246	249.227444
ChrZ	76392885	76592884	ChrZ	76499142	76581751	superscaffold63	1609926	1692535	0.000764	152.722997
ChrZ	76592885	76792884	ChrZ	76582787	76909406	superscaffold88	646	327265	0.000266	53.250028
ChrZ	76792885	76992884	ChrZ	76909805	77206091	superscaffold88	327664	623950	0.000219	43.865883
ChrZ	76992885	77192884	ChrZ	76909805	77206091	superscaffold88	327664	623950	0.000154	30.704314
ChrZ	77192885	77392884	ChrZ	77389910	77635559	superscaffold83	183655	429304	0.000252	50.335837
ChrZ	77392885	77592884	ChrZ	77574467	77891303	superscaffold83	368212	685048	0.00018	36.056371
ChrZ	77592885	77792884	ChrZ	77574467	77891303	superscaffold83	368212	685048	0.000191	38.145932
ChrZ	77792885	77992884	ChrZ	77574467	77891303	superscaffold83	368212	685048	0.000311	62.106215
ChrZ	77992885	78192884	ChrZ	78006334	78290158	superscaffold92	17573	301397	0.000227	45.435663
ChrZ	78192885	78392884	ChrZ	78247223	78538061	superscaffold92	258462	549300	0.000171	34.127777
ChrZ	78392885	78592884	ChrZ	78490905	78761976	superscaffold92	502144	773215	0.000213	42.582023
ChrZ	78592885	78792884	ChrZ	78490905	78761976	superscaffold92	502144	773215	0.000274	54.712847
ChrZ	78792885	78992884	ChrZ	78971941	79134451	superscaffold92	983180	1145690	0.000205	40.919604
ChrZ	78992885	79192884	ChrZ	79110454	79282009	superscaffold92	1121693	1293248	0.000437	87.325444
ChrZ	79192885	79392884	ChrZ	79236697	79571369	superscaffold92	1247936	1582608	0.000339	67.889797
ChrZ	79392885	79592884	ChrZ	79537466	79713378	superscaffold92	1548705	1724617	0.000327	65.489969
ChrZ	79592885	79792884	ChrZ	79675311	79836398	superscaffold92	1686550	1847637	0.000653	130.636965
ChrZ	79792885	79992884	ChrZ	79675311	79836398	superscaffold92	1686550	1847637	0.000624	124.837827
ChrZ	79992885	80192884	ChrZ	80146839	80295281	superscaffold92	2158078	2306520	0.000757	151.397022
ChrZ	80192885	80392884	ChrZ	80271086	80425040	superscaffold92	2282325	2436279	0.001965	392.925285
ChrZ	80392885	80592884	ChrZ	80559828	80705818	superscaffold92	2571067	2717057	0.001378	275.538431
ChrZ	80592885	80792884	ChrZ	80705835	80816980	superscaffold92	2717074	2828219	0.001046	209.229344
ChrZ	80792885	80992884	ChrZ	80705835	80816980	superscaffold92	2717074	2828219	0.000549	109.782473
ChrZ	80992885	81192884	NA	NA	NA	NA	NA	NA	NA	NA
